BRD4_UNSTIM	BRD4_2H	BRD4_24H
Aarsd1	6253.55585	5926.38945	9174.58845
Aasdhppt	988.8211	942.7816	1095.6755
Abcb8	4096.10385	4943.23565	6406.7495
Abcc1	2870.36665	2256.9747	3643.8776
Abcc3	2837.43545	2618.76515	4293.24855
Abcd1	2046.1951	1816.7588	2764.42435
Abcd3	1008.5812	1082.7964	1234.4798
Abcd4	2569.02105	2355.1112	3790.6147
Abhd1	7441.37485	7513.8198	10104.9501
Abhd14b	4646.55285	4842.58675	7441.23185
Abhd4	4167.313	5687.88415	6311.843
Abhd6	5712.1535	5698.88735	8233.27565
Abhd8	5175.34765	4611.4028	7573.65675
Abtb1	6647.79205	5381.9768	10552.86645
Acbd4	13754.5498	12274.1923	19300.1774
Acd	1322.42095	1332.19505	1796.81025
Acot8	7832.84945	7308.5273	11248.7382
Acox3	9058.70565	6429.4897	12565.22185
Acp2	2463.9197	1952.881	3252.51495
Acsf2	1359.96525	1515.50075	1912.6645
Actr6	1883.51955	2519.72915	2115.20605
Acy3	3557.0838	3942.8921	5039.95345
Adam10	1707.79465	1710.06275	2236.3845
Adamts10	10003.447	6148.8731	11162.63195
Adcy3	3746.36355	3631.79375	6016.94755
Adh7	2150.31985	2217.8648	2767.32695
Adi1	1106.07205	1095.81615	1526.28125
Adpgk	5167.454	5097.6832	6445.99705
Agfg2	4911.88595	4337.69285	7382.00145
Agl	1670.6567	1761.1715	1906.52995
Ago1	601.6999	548.51185	774.0883
Agpat5	6778.00865	4317.87215	6270.7658
Agtrap	3301.75955	3268.69345	5436.71195
Aifm1	1347.17795	1256.0405	1608.19315
Ak1	6358.47575	6230.9753	9966.32145
Akap8l	4995.88735	5252.58695	6364.2935
Alad	1721.8957	1512.43985	2133.4752
Aldh16a1	5443.5326	5940.0106	7163.8056
Alkbh2	833.15075	555.60415	1282.96085
Alkbh5	5343.13845	4838.1277	8047.7322
Amz2	1866.9793	1868.4111	2871.70295
Angel2	2180.83865	2210.77295	3286.05605
Ankmy2	5648.7307	6834.6458	6386.22425
Ankrd10	2924.26605	2929.2977	3329.6395
Ankrd13d	10254.3293	10093.05855	12610.18155
Ankrd34a	7054.98465	6528.0141	9670.5369
Ankrd40	6713.5039	6008.5771	7876.51095
Ankrd46	2616.09975	2400.8882	3688.36835
Anks3	1710.9756	1365.04385	2801.0147
Ap3m1	3015.8483	2794.76715	3759.0059
Ap4b1	4246.4482	4489.2551	5015.1825
Ap5m1	1093.28905	885.65135	1237.59605
Ap5z1	5637.9523	5198.65715	9226.17025
Apbb3	7191.04105	7371.79495	10434.66785
Apex1	2755.32065	2116.3418	3322.8013
Apobec3b	6511.9773	4916.573	10052.766
Appl2	2809.4929	2423.57305	3692.2106
Arfgef2	1819.29625	2184.77775	2472.21455
Arhgap29	2792.3772	2736.60135	2979.74905
Arhgef25	3193.28985	2988.577	4974.41815
Arhgef40	3369.2642	3012.64555	4899.1293
Arl14ep	1941.2424	1652.1074	2342.16235
Arl6	1014.7065	983.24505	1321.3165
Armc1	2245.71925	2503.39775	2681.1419
Armc10	1846.25505	2058.49545	2563.70345
Armc5	6726.5006	6488.3343	9272.50175
Armt1	8581.0951	9101.5156	9308.046
Arrdc2	6242.6159	5722.4647	10832.77675
Arvcf	3790.1241	3735.21815	5245.8206
Asah1	1686.50585	1511.24785	1762.9869
Asb13	10395.11425	10604.3538	16127.98145
Asb8	5026.21235	4444.6879	6472.0979
Ascc1	4015.67555	4066.59465	5849.7394
Asf1a	2270.7061	2074.2146	2429.802
Ash2l	1752.09845	1866.77165	2271.30395
Asrgl1	16982.60365	16274.41855	20175.1954
Atg16l2	5383.43695	4252.36725	8325.37105
Atg2a	6241.4496	6160.2674	8849.5201
Atg4c	3572.637	3098.79665	4169.0307
Atg9a	4628.2909	4948.2925	5795.03225
Atl3	10958.27585	10407.8386	11352.1099
Atp13a2	648.54895	548.94845	1032.21345
Atp5sl	904.8334	567.47765	1378.3199
Atpaf1	1455.0548	1231.6309	1654.149
Atpaf2	3543.6966	2823.86875	4912.09025
Atxn3	2251.0888	2342.2531	2685.57865
B3galt6	3040.29085	2742.5235	3686.1515
B4galt4	1169.82625	1226.26275	1328.7199
B4galt7	2765.3214	2688.2376	3599.01045
Bace1	1727.99805	1396.0415	2176.4419
Baz1b	4414.03465	4039.9805	6047.54305
Bbc3	10508.56475	9083.11255	14942.82825
Bbs1	5081.263	4820.5499	7565.38435
Bbs2	2336.2271	2710.0292	4312.1499
Bcat2	3685.71835	4095.6579	5176.31505
Bcl6	4430.1886	4209.48625	7174.609
Bivm	6285.52115	4831.33475	5846.0539
Bloc1s5	2202.25135	1711.5669	2406.1308
Bloc1s6	4999.7406	6199.9818	5756.67535
Blzf1	2250.73135	2813.0416	2673.7592
Bmf	10215.571	7841.25335	17646.37895
Bnip3l	8493.4362	8101.69565	8818.0957
Brms1l	1186.2792	1293.99375	1459.2915
Brox	7195.95985	8527.06665	9952.85195
Bsdc1	2713.00005	3184.35315	3825.035
Btbd1	2615.68655	2931.7866	3299.97
Btbd6	5808.34325	5310.43	9289.0691
Btd	6566.01565	5744.0961	11029.95265
Btg1	10174.62175	10448.2795	10808.6575
Btrc	3943.6969	4453.4205	4849.93365
C1qtnf1	8461.60165	6768.45755	13636.40675
Cables1	8172.79305	6137.01995	9531.0145
Camta2	8048.50815	9558.6056	9980.14705
Cand2	1515.1701	2251.7133	2264.31235
Cant1	10438.27165	8843.9443	16771.93505
Capn1	7370.11935	7854.3623	10084.66945
Capn5	7511.98975	6142.2713	13439.34645
Card6	1574.4743	2030.6672	1492.78125
Cars2	3934.35385	3798.1199	5339.91625
Casp2	2785.20355	2536.97965	2664.0966
Cat	2545.93845	2597.47495	2607.3184
Cblb	7909.06635	11150.0693	8226.87915
Cbx6	9328.39775	8191.5455	15749.9921
Cbx7	4938.48125	4437.97575	6591.5412
Cbx8	8015.1876	6932.0507	12938.19335
Cc2d1b	1438.5527	1457.85985	2080.80515
Ccar2	10854.36465	9464.79605	15918.2443
Ccdc127	1956.6149	1910.1911	2276.092
Ccdc134	3277.1097	3430.66505	4346.8252
Ccdc17	2604.37395	2559.38445	3356.7449
Ccdc181	1211.18995	1366.8619	1224.02895
Ccdc28a	697.7708	765.8023	810.6307
Ccdc32	2612.5062	2340.12635	3227.5854
Ccdc62	3850.6092	3943.11525	5633.69755
Ccdc71	3974.53755	4134.69165	5706.75055
Ccdc8	1833.2672	1717.23335	2535.3224
Ccdc82	5647.50685	5370.23455	7475.30125
Ccdc90b	1090.84465	912.13155	1440.55185
Ccdc91	2182.3402	2497.71145	3010.70915
Ccndbp1	6460.43045	6601.10445	6926.90395
Ccng2	2480.8841	2220.46645	4142.2703
Ccni	13635.87465	13338.8741	15383.738
Ccnt2	4484.7936	4608.92985	5262.7776
Ccny	958.6236	1058.54355	1047.44555
Ccpg1	728.7192	720.0783	1000.27325
Cd180	12432.4371	10062.2365	12817.6143
Cd38	5345.2141	5133.61185	5319.6416
Cdc26	1858.09065	1967.5132	2580.3209
Cdc27	4525.3698	3951.31215	5159.9614
Cdc40	1080.6524	1331.362	1243.4196
Cdc42ep2	16153.7368	14303.69555	23019.987
Cdk10	5212.90325	5490.51855	7934.80415
Cdk19	4633.9608	4587.22355	5614.44415
Cdkn1b	10139.3343	7817.91885	14077.3655
Cdkn2aip	4207.6412	3412.6225	6062.41665
Cdkn2aipnl	7679.7442	7266.2863	11051.34205
Cds2	9193.8688	10428.4272	13356.1508
Cep120	6417.12695	5947.124	5917.544
Cep131	1366.1367	1514.6524	1888.55485
Cep162	3301.01995	2670.01485	2614.7118
Cep290	1028.9888	983.1194	1146.8258
Cep57	3320.65015	3468.34865	4819.3986
Cep78	5508.4534	5167.64435	6584.3101
Cep95	3959.0301	3609.57185	4359.58175
Cers4	1214.6472	849.0826	1453.09055
Chd2	20944.3995	20982.35855	19766.7248
Chd6	2511.31315	2105.72445	2807.8121
Chm	404.8083	359.5644	374.68575
Chmp1a	4955.0378	5232.906	7643.78155
Chmp7	3783.73245	4060.7405	4740.2557
Chst14	2896.3871	2936.8468	4385.82695
Ciart	3213.12885	3125.54195	4299.44775
Cir1	2103.44195	2253.4318	2922.43845
Cirbp	15388.12765	15026.0332	26369.3149
Ciz1	4546.9334	4516.7568	6631.7666
Clcn3	2654.07945	2309.9619	2492.7575
Clcn7	6189.7804	4793.24205	7129.6033
Clk2	3638.0768	3765.8131	4936.11545
Cln6	5144.92765	4956.0348	5978.13205
Clns1a	2103.8614	1624.1138	2745.9822
Clpb	795.0081	969.32635	1008.3206
Cmas	2699.49505	2663.0543	2951.1808
Cmtm3	3530.0701	3048.15485	4930.8686
Cnnm3	3489.527	3003.1995	5264.6253
Cnot10	1146.2972	1374.55485	1598.9811
Cnot8	2736.44335	2804.85575	3920.0126
Cnppd1	3387.0267	2971.4118	4373.099
Coasy	9781.46975	8680.70695	15699.6107
Cog1	4960.04655	4683.29665	5985.7343
Cog2	758.09525	677.9033	1088.92315
Cog7	1474.79975	1141.61385	1850.69775
Cog8	3210.6497	2633.2095	4397.8616
Commd7	2865.4766	3324.42085	3726.86365
Copg2	1214.3256	1138.8758	1578.2729
Coprs	736.51595	527.3886	994.017
Coq9	2767.80725	3025.74885	3787.9024
Cox15	11392.0438	16820.928	12160.55335
Cpox	611.09325	450.273	833.9395
Cpt1a	7308.32835	6810.03515	10923.46165
Cpt1c	7387.2094	7755.60235	9842.60175
Cpt2	3357.76715	2968.85635	4220.70415
Crat	19350.07895	21713.6462	36081.32555
Crbn	542.43105	591.0081	712.74995
Crebl2	2867.0055	2673.8547	3394.0951
Crebrf	5638.56975	5727.0843	6054.9002
Cript	2056.09755	2133.46445	2152.1565
Crnkl1	3923.68275	2639.76055	3933.3586
Crocc	1256.9712	1300.57825	1852.13695
Crot	1047.48425	807.32785	1400.11815
Ctc1	10151.80555	9969.53825	12869.6395
Ctgf	43889.83325	40413.71695	38499.95055
Cul4a	1552.25975	1891.96065	2422.26625
Cwc27	1518.12525	1686.08555	1699.5037
Cyb5d2	1718.7835	1663.9011	1893.6118
Cyp2u1	1185.0128	1233.9122	1625.07425
Cyp4v3	2769.93495	2690.16485	3650.5978
Cys1	3154.8651	2107.7379	4751.9565
Dact3	6237.44845	4541.16925	9200.1924
Dars2	2903.5526	3285.0981	2800.1802
Dbp	6632.70625	5821.53985	10839.70805
Dcaf4	509.2569	591.59085	691.39755
Dcaf7	945.1882	730.73295	1116.47235
Dcaf8	3399.837	3186.8075	4114.73295
Dclre1c	1622.1303	1313.3971	2065.3746
Dcps	7365.2681	7643.0484	9701.69785
Dctn5	1786.7626	1915.79075	2036.7259
Ddb2	2790.4725	2619.1011	3451.66105
Ddx10	2313.43835	1847.5212	2100.9492
Ddx52	8202.663	9653.9871	10072.9926
Decr1	2683.6928	2470.06005	3432.76545
Dennd6a	4133.4003	4149.60355	4830.22595
Depdc5	2517.76475	2040.0281	3399.8376
Det1	3578.8866	4704.0155	5570.4016
Dguok	5903.4224	6357.46625	6962.9151
Dhcr7	1620.9108	1575.41675	2155.48435
Dhx16	7035.7467	7459.6938	9067.87825
Dhx30	5044.4808	4948.40395	6463.35775
Dhx32	1563.7943	1640.7843	1835.2589
Dhx33	3167.582	3630.2724	3809.44505
Dhx34	873.28435	877.922	1204.4265
Dhx35	2004.24525	2467.92025	3092.867
Dhx40	3070.35465	3303.9792	2761.56945
Dip2a	1904.57775	2020.64265	2275.06775
Dis3l	1406.7852	1207.354	1747.4608
Dis3l2	2426.7762	1919.9561	2393.66825
Disp1	2576.2374	2789.7896	3634.8357
Dlg3	772.97035	824.85975	1005.3982
Dnajb14	880.8062	675.8976	834.6668
Dnajc17	3561.65085	3134.7947	5898.30895
Dnajc28	959.26825	1101.86355	1012.06735
Doc2a	11405.75255	11132.7436	15055.6307
Dock6	3252.6162	3152.41905	4775.0989
Dolk	8638.2329	11302.10415	12829.66465
Dpy19l4	1577.27015	1259.53865	1881.5721
Dpysl2	4583.30995	3733.77	5897.3859
Dscr3	11683.2128	11390.8857	14103.5493
Dtnb	3971.5332	4269.73725	4626.4658
Dtwd1	991.7957	919.81955	894.1368
Dtx3	2618.3266	2173.78015	3961.1517
Dtx4	8109.3196	8106.5248	9739.215
Dvl2	6721.28455	7185.1723	9500.69035
Dyrk1b	2928.57825	2853.0189	4174.2934
Eapp	9226.9566	8608.88595	14043.86535
Echdc1	2082.2435	2332.3373	2160.2683
Ecsit	2489.21835	2581.50645	3185.58945
Edem2	1067.56325	1406.4838	1204.5243
Efcab7	393.0554	413.32985	509.60585
Efna4	1916.5725	1990.9204	2933.22955
Ehmt2	3467.70995	3527.04845	5134.23045
Eid1	6502.12725	7874.26645	7916.1249
Eif2ak1	3444.4838	3050.77055	4260.65335
Eif2ak3	3690.86165	3389.0278	4391.22815
Eif2ak4	11250.36235	11067.8253	11947.65065
Elp2	2685.7891	3237.63205	3197.97585
Emc2	308.30165	95.1303	383.31915
Emilin1	7925.8287	8131.6928	10577.21545
Ensa	8858.02415	9050.381	13825.3844
Epm2aip1	986.6986	912.9392	1452.5292
Eps15	2856.2194	1640.6923	2951.13075
Eps15l1	2928.1518	3263.68005	4024.45415
Eral1	3341.7082	2551.0176	4466.6666
Ercc3	1723.9156	1594.818	2526.1296
Eri1	1795.25085	1705.3588	2263.64315
Erlec1	1879.7932	2184.8347	2018.7237
Erlin2	5870.9982	5840.64265	8402.56375
Esd	1120.46525	1357.94655	1419.50775
Etfdh	2227.5874	2031.51345	2721.8993
Evc	1736.43405	1746.1138	2301.16545
Exoc2	3133.2827	2330.1261	2306.6727
Eya3	3723.51285	3605.50365	4598.35345
Fads1	14864.4247	13910.1209	21395.7868
Fam102b	3658.0194	3442.8155	5544.781
Fam110b	3393.7827	3123.1661	3711.67715
Fam117a	5182.5483	4539.1403	6870.7173
Fam118a	3336.4521	3194.17875	4250.75715
Fam120b	2702.1789	2342.03825	3077.72355
Fam122a	1715.4827	1959.28585	2101.36505
Fam127b	454.3867	426.8505	549.41835
Fam134a	3152.7567	2756.2254	3972.617
Fam134c	6561.7098	6305.3463	9969.5062
Fam160b2	1084.737	993.1301	1606.48195
Fam174a	1352.6156	1447.17675	1168.376
Fam175a	1811.59925	2586.9785	2400.6368
Fam192a	3715.09875	4260.6317	5145.04445
Fam207a	1647.79205	1725.37825	2413.5991
Fam210a	1653.3435	1447.1207	2102.8794
Fam219b	3139.83065	2963.7842	4160.28775
Fam21c	1848.74575	1664.2007	2290.2788
Fam45a	3844.04355	3590.16025	3655.61035
Fam53a	4010.02945	4154.1136	5241.0896
Fam58b	982.373	937.53535	1389.00035
Fam73b	3262.72445	3445.2881	5213.03775
Fam76b	3099.38515	3297.6749	4543.08735
Fam96a	1676.40125	1674.6175	2238.63275
Fan1	1449.518	1378.47505	1901.0785
Fance	8441.3051	9866.29995	12158.3525
Fas	18701.78075	17284.6686	18108.7238
Fbxl19	7156.9999	6956.50175	10209.78885
Fbxl20	2640.1857	2412.24835	3726.218
Fbxl8	3759.13345	4031.89935	5381.69145
Fbxo21	524.20105	457.64105	826.25135
Fbxo22	943.1363	756.2222	1234.7694
Fbxo25	549.31595	525.7886	766.917
Fbxo3	816.5478	884.1952	976.8734
Fbxo31	11511.15995	10865.9787	16751.50965
Fbxo32	1223.6259	1077.9868	1660.0449
Fbxo8	3122.9041	2592.2058	2570.0259
Fbxw2	4326.24655	5448.49885	5205.5506
Fbxw4	3359.64725	3600.22165	3926.85235
Fbxw5	5720.04425	6738.20145	7111.0562
Fcho2	2046.43855	1584.73115	2046.904
Fdft1	6662.62715	7077.68485	7782.24445
Fech	2390.89475	3002.66345	3298.9815
Fhod1	3945.50455	4138.34755	6171.3947
Fig4	881.1312	890.6142	1444.289
Flad1	7000.19635	7130.42095	10064.9311
Flcn	2724.9256	2442.3017	3606.51805
Fn3krp	989.1951	787.1995	1589.169
Fopnl	5197.29415	4422.55975	5607.39145
Foxc1	6149.11155	5513.8876	7774.05955
Frg1	1706.60585	1577.24785	1996.3869
Frk	1570.719	1274.1811	1671.5542
Ftsj2	872.166	959.6644	1192.71995
Fundc1	692.01045	716.98665	788.7755
Fundc2	2861.03125	2818.9837	3635.35455
Fyco1	1258.8379	1410.4455	1390.67165
Fzd1	2951.41595	2164.6665	2976.96265
Fzd2	17419.8021	12693.86005	24794.1798
G2e3	1411.76025	1325.9132	1687.27215
Gal3st4	637.6043	722.6709	908.94995
Galk2	2984.75655	3028.52745	4029.6263
Galm	1665.02945	2122.3537	2979.04735
Galnt11	717.344	765.154	785.8136
Gatsl2	1250.9318	962.10195	1889.43555
Gcdh	1870.287	1734.2951	2450.86715
Gdpd1	3116.78875	2857.89595	3766.72175
Gemin4	4487.01745	4398.84325	6553.46495
Gfm2	1085.23985	1164.15385	1270.76965
Gfod2	4407.84995	3802.70165	5213.5234
Gga2	1659.75325	1584.31805	1827.37885
Gga3	2052.12165	2650.45235	2520.6966
Ghdc	2174.9541	2655.07305	3120.0652
Gle1	4572.8271	3897.88705	4736.71575
Glod4	6961.1492	6885.3772	10825.17335
Glrx2	1449.00065	1592.47995	1383.62315
Glt8d1	3136.60595	3238.97105	3287.76765
Gltscr1l	10547.7013	11464.10955	18394.34835
Gmppa	2761.99035	3120.1338	4057.43685
Gmpr2	5168.83815	5881.93255	6420.71845
Gnao1	590.24405	581.0908	907.8235
Gne	4790.39305	5142.1341	6796.6147
Gnpda1	5795.2694	5022.1441	7869.6643
Golga5	4250.451	4058.4467	5056.99975
Golgb1	939.821	956.055	1114.2273
Gorasp1	4436.0489	4454.5392	6092.01945
Gosr1	1603.2947	1717.1678	2205.3974
Gpalpp1	1852.80765	1800.0139	1998.6718
Gpam	2239.47315	2458.10655	3098.2329
Gpatch1	2138.0645	2088.9879	2786.28235
Gpatch11	1794.9494	1622.45295	1775.1559
Grtp1	2200.49645	2370.42135	3170.84385
Gsdmd	8677.1712	8522.73205	13294.6619
Gsr	2791.9909	2912.01975	4280.9925
Gstm1	3115.34635	2948.50925	4589.0297
Gstm4	3450.07415	3454.25765	4431.9345
Gtf2e2	1000.709	1022.3325	1277.6571
Gtf2h3	2361.94465	2716.75415	3133.73165
Gtf2i	2176.29145	1807.4216	2941.22735
Gtf3c3	5209.82675	4874.609	6901.39225
Gtpbp2	2965.076	3227.9627	4176.31075
Gucy1a3	1954.47195	1521.47375	1826.8008
Gucy1b3	1585.5929	1242.5062	1738.6439
H1f0	8091.12485	8743.0951	13542.7413
Habp4	5765.5755	5956.2798	5887.4947
Hacd3	3765.6977	3690.40305	4061.06945
Hace1	1300.5128	1207.8187	1716.4925
Hacl1	7321.13165	6179.3673	11915.49185
Hadh	1030.5128	946.6122	1383.47425
Hbp1	5036.9115	5077.64045	5288.00105
Hddc3	5062.61765	4896.4677	7739.59835
Hdgfrp2	5965.5053	5666.57955	8508.6477
Hebp2	2804.7356	2489.45325	4514.2437
Helq	926.1897	1035.3236	1121.11405
Herc2	2722.12595	2291.06035	2311.51765
Hexdc	4467.3001	3876.25835	6072.665
Hexim1	14788.0276	13472.6123	20675.1435
Hey2	12621.0468	10859.9575	11931.88905
Hist3h2a	2801.12325	2681.00065	3881.0494
Hmbs	4570.7632	4181.3038	5966.8154
Hmg20a	5566.8789	5281.86385	4895.85735
Hoxa2	11872.7731	9543.05515	17405.5101
Hp1bp3	2958.6786	3158.0818	4087.02475
Hps1	2385.18635	1985.3363	3888.07705
Hps3	1896.43255	1976.95375	1761.9071
Hrasls	3877.39235	4166.39205	4856.3333
Hsd3b7	9241.88045	9061.72305	12380.0789
Hsdl2	948.3027	1180.7512	1136.5765
Hyal2	8605.12195	8282.8294	12005.07525
Ick	1728.9921	2011.5714	2125.05455
Idh2	6749.5508	5691.7652	10567.0136
Idua	2152.99095	2096.8075	2776.6684
Iffo1	5757.6629	5466.5391	8544.1898
Ift172	2577.2381	3363.93175	3798.6435
Ift22	987.7433	802.53335	1428.04945
Ift46	6831.92745	8860.5795	10088.51675
Ift52	3658.922	3591.07845	5691.7231
Ift81	6083.33905	4997.7186	8298.2412
Igbp1	389.6122	347.49735	527.0545
Ighmbp2	13647.9961	12219.31815	18257.44785
Ikbkap	3050.16915	2403.1642	2921.23175
Ikbke	4722.1452	5281.204	6700.638
Il10rb	4916.99275	4553.37805	6404.8041
Ing1	2868.18685	2745.8155	3777.14395
Ing4	3202.9198	2915.94315	3528.3288
Inha	4223.44085	3565.66255	5206.4505
Inpp5f	5387.27435	5383.19315	6806.6962
Ints4	2655.69595	2265.84945	3584.67745
Iqsec2	3213.52655	2428.8911	3495.2699
Irak4	1281.95425	1695.40225	1526.39255
Irf2bp1	4554.79065	4726.2097	7232.0683
Isoc1	511.13835	373.53015	679.3546
Isoc2b	3461.71455	3329.9451	4731.546
Itga8	5025.36995	5517.0951	5647.2389
Itpkb	3143.98705	2908.9042	4433.54055
Ivd	2138.94535	2243.9396	3380.3858
Jag1	13811.63745	10644.9254	17053.59875
Jkamp	1780.022	1423.3033	2373.9693
Josd1	5830.92635	5519.39675	8634.0532
Kalrn	5611.1146	5848.75555	7186.41375
Kank2	11770.8777	10563.0202	18087.2575
Kat2a	1876.29385	2158.839	2694.793
Kbtbd4	5147.6393	5247.3569	5578.46025
Kdelc1	6863.24275	5274.87075	6516.5563
Kdm1b	1988.6967	2250.06135	2349.0843
Kdm4a	1835.08055	1761.7024	2644.5593
Kdm4b	5730.1585	6077.0378	8342.26435
Kif16b	1370.2942	1059.02765	1624.2882
Kif18a	893.54855	902.33575	1245.0545
Kif1bp	1063.27735	1208.14165	1392.7248
Kifap3	1801.3232	1674.31225	1917.01675
Klc4	10804.97615	10790.6475	15354.0195
Klf15	4034.3424	3051.1186	5122.5326
Klf2	6171.70245	4885.4918	10207.7566
Klf3	4809.7788	4773.82185	5997.2705
Klhl17	2604.2324	2613.1183	4031.15125
Klhl20	1472.8223	1443.59135	1832.9765
Klhl22	3475.37795	3834.08995	4385.31775
Klhl24	2021.60985	1661.30485	2486.91705
Klhl31	3187.7098	3655.43345	4788.33
Kmt2e	15628.22495	16082.9745	17287.07965
Krcc1	2526.5083	1976.0055	2632.83825
L2hgdh	1168.93345	1151.904	1586.6684
L3mbtl2	1355.82115	1649.08715	2455.22565
Lactb2	1267.3046	1036.72265	1891.35115
Lancl1	726.6009	476.91845	975.60665
Lars2	3101.1741	2720.9383	3197.8459
Ldb1	9635.59245	9438.78075	13123.7789
Ldhd	5794.036	5503.43635	7603.23525
Leprot	5097.99715	2477.6474	3869.4421
Letm2	4297.083	3750.6838	5746.3566
Lhpp	7267.3978	7197.5865	8924.2207
Lipa	7284.7261	6296.7363	9017.84875
Lix1l	7198.08465	6425.6141	9722.5369
Llgl1	5358.97285	5070.0532	8082.65465
LOC100294508	7091.8384	6147.50135	8675.6183
LOC100363521	876.52265	665.0915	884.3932
LOC100365921	2058.3544	2066.31225	3116.409
LOC361635	4358.3995	4636.63595	6910.31815
LOC498122	886.29955	811.9232	1080.7897
LOC499770	4195.0859	3875.5995	5810.2787
LOC500077	937.7718	785.5336	1368.96085
LOC683897	564.6108	506.7129	847.51735
LOC691921	3415.15135	3873.95195	5253.08055
Lpin2	4277.78855	3738.26395	4613.3036
Lpin3	4414.31725	5075.34785	6531.3391
Lrp5	6108.1778	5706.75925	9293.94585
Lrrc1	714.25045	502.5653	1242.80375
Lrrc14	3628.3532	3350.23375	5642.00325
Lrrc16a	3028.7706	2989.0298	4410.25035
Lrrc32	21433.6239	15790.93075	21904.48195
Lrrc56	10561.44435	10889.0933	14171.4872
Lrrc8d	1230.57595	1678.86185	1995.7724
Lrwd1	4910.6389	5113.76875	8061.73525
Lsm10	10837.58445	9422.37425	15566.0026
Luc7l3	8301.662	7177.951	10920.94135
Lypla1	7214.5838	9230.8252	6438.7599
Lztfl1	2837.043	3102.12975	3475.14915
Lzts2	16431.1141	15116.59645	22833.7804
Mab21l2	371.5852	322.2519	451.4063
Maf1	7698.1773	7991.31235	11315.5458
Man1a2	910.2391	960.2162	1106.6593
Man2c1	1358.15855	1301.7183	1855.99795
Map2k5	1172.74435	1109.3876	1479.432
Map3k4	8443.3682	6448.5706	10090.55165
March2	7110.74965	6748.8963	9764.37315
March8	1498.67	2051.47315	1991.4128
Marcks	2738.7215	2319.5525	3900.25525
Mau2	2298.30745	2000.40615	3496.57335
Mb21d2	2987.3232	3168.1944	3604.68355
Mboat1	4397.49855	5346.28985	5525.23585
Mccc1	844.54665	845.2408	920.3193
Mcm3ap	2752.3877	2640.4491	3896.3357
Mcoln1	3326.13155	2667.98695	4557.53635
Mdc1	12591.44065	14166.3123	16447.1637
Med11	1471.0958	2195.1892	1829.0461
Megf8	9975.65885	10685.38905	16481.36335
Meis2	3635.9373	3461.47325	5078.52055
Mettl3	2603.22555	2848.27955	3357.57765
Mettl7a	1841.72565	1471.115	2974.6744
Mfsd12	7632.4767	7968.41995	11423.9263
Mgat4b	4054.1446	3884.9539	6266.6967
MGC116121	2716.6021	2739.4538	4104.8859
MGC94207	2854.75055	2624.29275	4320.9437
Mink1	3221.8726	3333.5903	4146.46875
Mipep	2459.8908	2312.6194	3148.10435
Mir199a2	19501.4365	16909.522	27248.2738
Mir3120	18266.6068	15818.52625	24347.26275
Mitf	2503.95405	2826.752	3137.6759
Mk1	9363.5219	9614.4835	16051.71295
Mknk1	1561.1598	1591.9136	1843.3506
Mknk2	8387.28345	6777.70655	13477.91535
Mkrn2	3331.8367	3068.5069	3643.363
Mlst8	5319.30945	6002.88895	7067.28545
Mlycd	3805.25265	3502.80555	5896.04705
Mmaa	1712.78055	1298.0764	2104.60545
Mnt	7548.84295	8303.76075	11079.04625
Mob2	15232.9591	11900.3293	17719.28535
Mocs2	1205.42165	1468.9694	1602.6338
Mpdz	2771.76485	2713.22995	2781.76865
Mppe1	2991.99175	2314.11245	3878.96105
Mpv17l2	6942.32335	6862.58595	11369.1292
Mre11a	2132.258	2470.84695	2622.6321
Mrpl18	1373.81785	1447.027	1776.56925
Mrpl2	10924.86865	10871.7001	15437.25915
Mrpl32	1246.10455	1347.22695	1395.6988
Mrpl44	4623.052	4916.85755	5745.06185
mrpl9	1068.5046	1312.2638	1595.1052
Mrps12	3094.25205	3029.55665	4600.34515
Mrps27	5397.32685	6263.12395	7426.39765
Mrps5	2005.2737	1421.6066	2578.5107
Mrrf	2404.2818	2473.9922	2510.536
Mrvi1	17063.9356	15199.09285	26152.64265
Msantd4	868.1937	764.8809	1103.9616
Mtfmt	3808.86525	3632.771	4978.26715
Mtif2	1860.0642	1848.6337	2170.99965
Mtm1	1085.0107	738.2853	1416.2827
Mtmr14	861.23385	504.56465	934.57975
Mtmr4	7604.2959	7075.2274	8980.2515
Mtmr9	1611.73155	2007.03755	2044.0298
Mtor	1234.9366	1825.5035	1402.91645
Mtss1l	7632.2405	5379.7779	12042.1434
Mum1	3474.25365	4040.81665	5395.44225
Mus81	38511.2382	46993.7818	57090.41955
Mvd	2478.20605	2517.2917	3638.7588
Myo18a	9967.4328	9284.78665	16761.9009
Mzf1	2893.1788	2669.2445	4065.648
Mzt2b	2237.59785	1995.99075	2206.97135
Naa60	3101.29015	3163.78185	4144.42515
Nacc2	9171.99955	8479.24165	14894.28095
Nadk	2964.24385	2812.52345	3634.75355
Nagpa	1500.4635	1290.1281	1833.36565
Napg	961.6977	938.0001	1189.2092
Narf	4006.02115	3816.16675	5169.88165
Narfl	4663.66905	5608.0974	7674.7141
Nat1	1705.21265	1513.27195	1888.28405
Nat10	2288.37015	2779.75685	2261.58895
Nbr1	2474.04935	2353.80515	2770.53715
Ndor1	3868.69285	4272.15565	5700.76485
Ndrg3	1265.98525	835.3372	1541.0809
Ndufs1	1734.1971	1733.18575	2141.50585
Ndufs3	5144.6541	5246.4083	5575.67565
Nedd1	723.72255	615.1314	718.0905
Neil1	1488.75005	1398.0518	1851.24595
Nek8	4039.9358	4293.89975	5739.56275
Nelfa	1049.8072	1086.23265	1382.40485
Neurl4	4099.5517	4614.99805	6059.61395
Nfatc3	2921.75525	3132.37985	3582.35725
Nfia	18290.6416	14854.21095	21105.02195
Nfib	3589.37315	3134.45535	4481.076
Nfkbil1	2938.8883	3283.83915	4318.6273
Nicn1	6559.627	7078.86855	8585.4765
Nipa1	2425.0822	1905.04785	1991.2914
Nkiras1	1385.6861	1367.75485	1842.28905
Nlrx1	4425.6003	4546.07105	5834.99385
Nme7	2140.85615	2745.808	2580.9592
Nmnat1	2705.503	2862.78245	3847.2304
Nmnat3	460.47815	497.76515	619.6555
Nol3	2629.3574	2264.90675	3726.8357
Npat	1013.9888	1132.6502	1178.9005
Npepl1	1963.871	2154.68825	2411.9114
Npepps	7373.60225	7565.60575	9678.51225
Nphp1	2737.2484	2699.8086	3355.667
Nphp4	1164.7037	1219.4283	1665.7639
Nprl3	1579.10585	1638.69825	2604.9055
Nr1d2	2208.6656	1744.9656	2577.1448
Nsd1	2931.53075	3006.0088	4264.1096
Nsdhl	695.7049	824.1584	793.0809
Ntpcr	979.359	1136.91605	1991.9417
Nudt16	410.05325	379.3287	511.56855
Nudt16l1	3520.4833	3175.04035	5412.28245
Nudt18	1247.5103	1087.9916	1817.00545
Nudt4	4459.3544	3580.30955	4905.9572
Nudt5	2221.64235	2190.8411	2757.9067
Numa1	11927.98545	11696.81115	13669.871
Nup88	3219.7389	3764.0661	3904.68095
Ogg1	4918.5548	4490.50135	5480.0951
Ogt	1346.3414	922.61835	1398.14135
Osbpl2	1946.766	1857.5829	2915.82375
Osbpl7	3141.12635	3065.45095	4462.8968
Osbpl9	7359.10215	5725.5802	7643.8825
Oscp1	3474.4769	2575.2059	4560.7832
Osgepl1	899.6737	975.1725	904.217
Oxa1l	1217.05705	1376.87365	1896.88065
Oxr1	1974.39565	1834.37315	1621.33485
Pafah2	1978.135	1759.9724	3188.7284
Pagr1	8261.1396	7870.18835	12659.07965
Paip1	1594.37055	1693.0402	1621.87385
Paip2	4231.6607	4239.5315	5007.39995
Pak3	91.12025	74.152	110.032
Pank2	3300.54095	3060.5513	3953.9158
Paox	2859.50865	2699.96265	4338.38185
Papss1	1407.1261	1479.8271	1778.48115
Paqr3	243.05925	230.6475	331.047
Parn	3625.1544	3837.5473	3737.698
Parp16	6283.9541	5983.2451	8133.8183
Parp2	909.07095	773.38555	1073.0712
Pars2	8783.7468	11640.1846	13213.28965
Pawr	12180.82315	8614.2493	10317.16075
Pbx2	3248.753	2931.5447	5108.27455
Pbx3	1113.53455	998.2895	1568.4919
Pcbd1	1073.01355	1211.4417	1270.9194
Pcdh20	2075.3796	2229.4773	1939.06485
Pcid2	1272.32855	1449.95425	1994.82945
Pcif1	5740.1769	5604.5965	8834.2316
Pcm1	1674.7622	1603.0116	2044.0342
Pcyox1	4741.17835	4645.901	5300.28105
Pdgfra	2146.3907	1862.07065	3114.45485
Pdgfrb	25078.51605	20231.8294	33055.48905
Pdik1l	1503.83105	1562.9449	2123.31075
Pdk2	8888.58005	11504.61025	14992.6158
Pdlim2	10304.8828	9026.1693	15470.40755
Peak1	5805.6309	5629.16305	5259.97575
Peg3	1027.1368	893.9256	1442.4972
Peo1	16945.38755	15456.6017	23771.21285
Pex10	2204.2621	1756.3587	2980.5291
Pex5	704.24255	797.1113	1218.49175
Pfkm	4755.38545	4288.492	6432.49105
Pgap2	4657.02325	3711.51415	5708.36865
Pgm1	1206.7425	1009.39595	1608.47195
Pgm2l1	4544.15265	4003.6311	4957.4705
Pgpep1	8541.2976	8561.4526	14491.56935
Phactr2	1916.08245	2322.1807	1964.1991
Phf14	1498.5574	1437.4397	1362.91525
Phtf1	1210.7113	1023.5962	1431.0205
Pias3	1876.7915	1739.6476	2466.2728
Pigc	10114.6251	7810.48255	15532.36765
Pigh	724.38165	942.3343	1075.5557
Pigp	1562.2997	1441.489	2244.8597
Pigq	2844.8705	2746.2626	3868.02315
Pigy	845.953	869.69455	1061.23535
Pik3c2b	5051.08105	4598.69725	6644.61725
Pik3c3	726.1102	844.6558	972.45675
Pik3ip1	7097.44755	7395.11135	10179.59285
Pik3r2	4799.3149	4823.72205	7676.1877
Pik3r4	428.19005	219.84915	582.55755
Pip4k2b	6684.7531	7115.40715	8976.6583
Pip5k1c	5011.1576	5767.41965	7621.317
Pir	1173.9073	1238.80745	1226.81075
Pla2g15	2933.223	2519.28005	4039.7187
Plcg1	2075.57635	2456.6281	2739.36945
Plekha8	4097.99015	4245.1745	4506.0963
Pms1	865.78585	771.0921	1006.90655
Pnkd	13359.941	13679.23175	18255.8469
Pnkp	5477.9063	5808.4399	8068.7833
Pnrc1	4398.93225	3676.73455	5416.34415
Pnrc2	5526.28715	5264.568	6707.99705
Pogk	1185.6194	1055.41635	1569.5619
Poglut1	1808.3849	2009.61015	1830.1682
Poli	5597.15985	6466.6617	6384.39775
Poll	2497.6107	2294.5515	3567.7201
Polm	4917.90865	3576.6662	7164.2492
Polr2b	7143.61285	6711.95495	8866.1292
Polr2j	3989.4101	3920.2063	6373.9839
Pomk	3670.12015	3558.1541	4495.5589
Pomt1	1978.1662	2157.2013	2835.4638
Pop5	5581.4683	4776.0225	8936.49565
Ppil2	1382.27275	1249.44885	1787.23805
Ppp1r21	1341.95455	1252.91075	1412.16695
Ppp1r3c	13490.7169	12948.64055	19033.07695
Ppp2r2c	744.5144	828.8292	1020.77985
Ppp6r2	5593.6216	5757.29365	7697.5243
Ppt2	3170.05945	3067.5566	5043.0852
Prdx3	4783.6005	4347.451	5453.1775
Prepl	5381.89115	5443.5418	7074.4378
Prickle3	2509.79735	2826.5045	3272.18935
Prkag1	5009.94505	5524.85745	7417.60965
Prkra	1752.20775	1501.22205	2123.50655
Prpf18	593.40595	577.08325	786.62305
Prpf6	1918.19755	2276.48445	2837.6661
Prpsap2	933.15645	1025.2037	1136.2461
Psip1	1844.1723	1932.9859	2431.4578
Psmc3ip	10401.8888	9318.0233	16494.9497
Psmg2	3199.91295	3146.7254	3840.2173
Psrc1	3380.4805	2634.5483	4135.3802
Pstk	4476.82495	3771.3036	4185.35165
Ptcd1	5745.41215	5626.02405	7982.86115
Pth1r	7108.5624	5621.2519	9740.8173
Ptpn21	6990.1068	5740.2777	7433.518
Ptpra	993.2152	811.7055	1186.0973
Pus10	981.32705	1228.3219	1302.5668
Pwwp2a	3551.8812	3408.34525	5286.2259
Pycard	3148.8486	3092.5656	3967.17485
Pycr2	3380.67975	3425.0795	5368.3424
Pygb	1251.36065	989.5316	1717.57905
Qars	3059.89405	3308.0129	4357.4616
Qpctl	4481.8151	5045.5874	5506.40995
Rab29	1547.83565	1306.32165	1781.2215
Rab3a	7752.7209	7328.9718	12650.40215
Rab40c	3093.44955	2982.9868	4146.63375
Rab5b	5419.5636	5587.66385	6944.15695
Rabgap1	3420.12225	3376.84965	3565.3315
Rabl2a	599.27705	510.62265	862.3696
Rabl6	2424.85025	2264.3208	3578.3119
Rad50	4751.43565	4028.82775	8075.67305
Rad51d	3778.067	3459.15325	4906.38745
Ralgds	3880.52885	3630.36175	6888.6546
Ramp2	4902.1252	4777.41115	7156.5495
Ranbp10	6145.6436	5775.77085	7637.442
Ranbp6	8981.13235	8598.4181	8417.35625
Rangrf	2570.75525	2157.79865	3289.5612
Rars2	1346.2665	1763.6724	1434.2785
Rb1cc1	5274.773	6892.4254	5127.48525
Rbbp9	1024.7625	1081.4659	968.9728
Rbm5	2011.8316	2140.20085	3377.9448
Rbm6	1500.19215	1659.24435	1925.4967
Rcbtb2	3970.6261	3771.1146	4434.3795
Reck	5011.6467	4860.0515	5654.61315
Recql5	2499.1281	2879.3496	4141.3257
Reps1	1001.92585	1038.40565	1090.55025
Rere	3737.42645	3710.8273	5518.3014
Rfc1	1185.5473	1195.8584	1652.9
Rfc5	3064.1087	2609.01865	4134.7638
Rfx5	5376.95365	4726.2698	5933.5441
Rfx7	3031.25015	3071.3281	4048.1159
RGD1302996	5201.558	5675.9419	6613.10945
RGD1304595	2432.61535	2253.81005	3028.5702
RGD1306063	679.2647	631.16905	1169.1603
RGD1306227	2551.66415	2490.32715	2571.00725
RGD1306746	9382.7303	9209.18445	13509.9036
RGD1308117	10436.4828	9096.1693	15612.80755
RGD1308147	1131.8077	1064.32415	1300.313
RGD1309534	1822.7487	1857.85925	1785.42825
RGD1310127	16194.81405	16876.2601	26799.0411
RGD1310553	5070.113	5859.3389	5359.35465
RGD1310769	4167.0932	3714.7404	4827.8113
RGD1359108	4362.07135	3518.66245	5391.74375
RGD1562114	14327.50065	14181.7464	25243.7447
RGD1565784	2924.2621	2472.8631	4087.67055
RGD1566320	867.61105	868.95475	1024.0124
RGD621098	6151.6511	6194.80055	6112.7312
RGD735029	5425.7418	6057.6805	7434.6803
Rgl3	906.3276	1001.77525	1536.29475
Rhbdd2	3319.81565	3754.83125	5333.3049
Rhbdd3	3366.612	3078.5886	5039.19925
Rhobtb3	7137.07375	5993.56065	5997.76895
Rin2	17563.7354	14344.52565	15674.7199
Rit1	3087.7411	3232.8629	3705.5815
Rita1	6629.97265	6389.64535	11075.3329
Rmdn1	1803.2786	1591.37185	1884.37165
Rnf113a2	2975.4678	3603.92055	3531.72585
Rnf14	3913.85195	3947.3725	5127.3286
Rnf166	2419.6926	2301.45225	3474.9749
Rnf167	7622.24675	9295.895	9831.4109
Rnf215	3966.89935	4433.9859	4839.11875
Rnf216	1447.5731	1119.317	1567.8344
Rnf26	8127.1973	8364.4259	11942.0531
Rnf34	1201.25125	1072.9654	1430.9776
Rnf44	3188.4444	3416.0147	4704.8851
Rnf8	1113.3519	1201.91415	1362.46105
Rnpepl1	3060.9416	2429.0404	4057.68815
Rp2	277.83285	248.65155	407.7141
Rpap1	1539.4513	1360.64425	1773.0154
Rpap2	730.46365	821.1662	893.4203
Rpap3	5636.582	3384.0589	5564.82865
Rpgrip1l	5006.69505	4777.6016	4901.15875
Rptor	3622.8601	4180.87575	5328.8639
Rpusd4	2160.6576	1790.34905	2571.9742
Rragd	3309.5037	3483.02235	4194.7398
Rsbn1l	6274.355	5467.10335	8707.71635
Rsrp1	1972.6741	1860.80255	2886.22785
Rtel1	2043.51945	2225.6011	2576.19355
Rtfdc1	863.5417	753.7069	1158.8865
Rtn4rl1	4366.9478	4394.50465	6927.1094
Runx1t1	13784.0018	11127.7376	12784.9819
Rxra	2373.52305	1825.69675	4280.76075
Rxrb	1806.64275	1684.7435	2489.78355
S100pbp	4768.74805	4784.5417	5805.35535
Safb	3377.57695	3360.6974	4882.434
Sardh	4016.3911	4346.1438	6614.18595
Sbf2	8093.95685	6728.10645	10523.8974
Scarb2	722.04325	615.80375	1029.90295
Scd2	23419.43125	21843.63195	32945.88645
Sdccag8	9078.1083	8763.08835	8981.17455
Sdhaf2	4894.0377	4681.56135	4965.54465
Sdpr	5651.11325	3972.1654	6611.5485
Sec14l2	1468.93775	1676.77925	2044.3834
Secisbp2	1494.3817	1553.8727	1412.3534
Selo	3470.97115	3865.99815	4614.6315
Sema4a	9319.8915	8527.32195	14182.7552
Sema4c	3727.429	3218.00175	5774.6885
Senp8	2314.36485	2378.2908	2771.24355
Sephs2	9390.65605	9179.1179	12669.8457
Serinc1	1341.12135	1157.14535	1331.94575
Serinc5	2512.44015	2401.80445	3759.84105
Setd7	3549.75215	3024.409	5003.7878
Setdb1	2918.23785	2859.91955	4129.65815
Sfi1	3588.4074	4073.24795	4590.9356
Sfrp2	353.58105	704.286	479.12425
Sgcb	549.27345	417.742	760.50145
Sharpin	7804.4443	8125.2766	11489.59435
Sin3a	2919.9734	3187.7623	3750.9788
Skiv2l	1613.75215	1570.19185	2074.43685
Skiv2l2	2951.85685	2936.6573	3002.8007
Slbp	4356.84	4409.0482	5731.7805
Slc16a13	5363.42375	6493.02555	8014.5964
Slc22a17	3253.47005	3118.29435	4597.2641
Slc25a42	1612.68555	1848.4757	2290.28
Slc26a6	1834.18285	1936.43665	2739.05965
Slc29a3	580.53745	490.2146	773.9662
Slc2a12	9963.0989	7195.7214	14230.0659
Slc31a2	1652.46895	1806.68815	2156.93755
Slc33a1	1290.96245	1637.55625	1341.64735
Slc35b4	1480.8594	1656.22645	1685.472
Slc35d2	4965.7085	4907.0378	5071.7625
Slc38a2	17513.62445	14710.6096	21690.4694
Slc39a11	2073.7426	2290.67585	3572.86215
Slc43a2	7066.83675	6070.59215	13709.3473
Slc44a2	5758.4249	5037.60435	7528.5291
Slc52a2	2980.34505	3076.7694	4223.6824
Slc5a6	3751.9532	4050.5798	4936.7447
Slc8b1	3413.3505	3541.0963	5322.21815
Slc9a1	1617.96715	1731.07215	2421.99195
Slmap	6841.7515	6622.39295	7335.60315
Slu7	3040.11065	2144.20025	3305.33215
Slx1b	9127.0258	8650.06165	9829.80735
Smad6	11681.4175	10441.5485	17661.7734
Smarcad1	868.1394	832.0922	1078.7251
Smarcal1	2717.2853	2684.04765	3711.26885
Smarcb1	2750.5336	2505.9662	4458.05555
Smarcc1	4160.2582	3846.49705	4977.05825
Smc6	1325.083	1288.1962	1752.15315
Smcr8	4556.57935	4255.82675	5746.41915
Smim20	1349.04025	1450.75725	1755.64145
Smurf2	6283.14845	6954.90335	7863.4658
Snai2	2469.2537	2106.5435	2764.8587
Snap47	2548.1298	2643.7381	3768.92285
Snapc5	2650.95025	3541.1612	3104.4671
Snrnp27	4226.7969	3491.05505	4686.545
Snrnp35	4476.29095	4324.13625	6917.8014
Sntb1	4471.931	4002.52785	5231.93715
Snx1	2295.62765	2246.2111	3116.36075
Snx10	1747.15915	1562.02225	1835.15485
Snx13	1489.54005	1400.08845	1745.1941
Snx33	12754.3499	13286.523	20144.5963
Snx8	2011.9434	2085.8727	2729.6036
Sorbs3	10039.4991	8720.83155	14802.6604
Sos2	1172.4627	1329.5917	1619.2536
Sox12	5281.8714	5261.6865	8170.645
Sox4	6805.55305	5299.5568	8918.11635
Spag7	9264.56465	10758.5473	11872.86045
Spast	4863.0076	3816.9978	4457.129
Spata7	722.26225	864.5978	1078.611
Specc1l	4428.80785	4535.24905	5584.455
Spg20	2720.14125	2347.59425	3474.62395
Spice1	568.8605	559.46675	799.6162
Spryd7	2907.4135	3225.42195	2782.54475
Spsb4	3067.5766	3190.4085	4843.04975
Srgap2	6467.4252	7620.29235	7507.41015
Srpk2	2021.54135	1786.6213	1953.87725
Ssh3	10449.85975	11096.78485	13971.71975
St3gal3	2397.4924	2428.8101	3041.5822
St3gal5	6242.7232	4570.52175	7273.27395
St5	23496.34635	17355.6171	24856.85535
Stag1	1976.5779	1899.2892	2584.63655
Stam2	2149.5451	1606.1864	1941.3711
Stard7	5953.583	4672.20235	5944.66405
Stk16	5599.3621	5654.237	7861.07835
Stk17b	12074.57515	11452.11675	10088.22805
Stk36	4550.36825	5059.48375	5117.8842
Stk4	1927.1691	2177.58065	2343.783
Ston1	7793.96845	5954.9709	9776.5152
Stradb	2649.45345	2856.29625	3509.8002
Strn	2074.48175	1827.85235	2466.79105
Stx16	2151.8658	2213.40545	2779.332
Stx17	710.97825	767.34965	883.45355
Stx2	1832.63655	2206.2854	2637.27695
Stxbp3	3258.9169	2561.864	3903.01095
Sugp2	3464.25785	3630.9984	4680.58785
Sumf1	5436.1785	4979.9375	7069.8898
Supt7l	6518.8227	10133.93555	9250.73525
Swsap1	2757.99775	3183.9421	3861.66625
Syf2	2007.7741	1976.80255	2490.82785
Synj2	11049.4888	9735.3375	16496.5195
Synpo	37832.58305	33923.11885	50929.45025
Syt11	3988.61235	3701.35205	4199.46275
Syt17	7449.00375	7654.62065	10324.2449
Tab1	5545.2199	7062.3591	7356.6311
Taco1	1636.7824	1965.58295	1847.62175
Tada2a	1622.7593	1774.6299	2061.50525
Tada3	5916.04315	4760.69905	7256.3464
Taf6	2927.72195	2991.84165	3543.62705
Taf6l	7079.1148	7290.90595	8538.27895
Taf8	5743.789	4973.8382	7809.1068
Taf9b	930.9972	881.56285	1083.6872
Taok3	5663.573	5643.8559	8785.5118
Tarbp2	3034.65365	3231.75345	4238.52165
Tars2	3036.20795	2578.54515	3534.4837
Taz	4776.26005	4931.8183	5565.64975
Tbc1d14	3887.31165	3217.72735	5475.39955
Tbc1d17	6211.82155	6474.4274	9295.59905
Tbc1d25	1121.77855	1090.46835	1371.7503
Tbc1d5	1264.09945	1234.83125	1787.43445
Tbc1d9b	1734.61415	1407.1723	2516.0794
Tbccd1	549.08755	576.9341	612.02905
Tbcd	1079.9471	1019.9025	1609.934
Tbcel	1464.4027	1259.409	1906.1744
Tcaim	741.2603	749.6789	1033.0315
Tchp	2327.00665	2674.17205	3233.05575
Tcta	6811.81315	6900.05435	8809.9168
Tctn2	1343.68365	1380.7941	1884.62165
Tdp2	2531.34795	2249.08375	2621.0999
Tead2	1601.21685	1059.57895	2457.02305
Tecpr1	3673.927	3510.13425	5358.46305
Tef	6816.2982	6054.96205	10772.90315
Tep1	1639.00885	1264.14905	2063.6158
Tex264	1612.5427	1687.9381	2275.7581
Tfap4	11427.6224	10483.36845	16225.5771
Tfcp2	2595.8617	3104.3539	4256.7054
Thada	7462.9397	7738.8398	7839.4654
Thap3	3777.60415	3311.64	5349.18205
Thrap3	9597.044	8486.33015	12785.25365
Thtpa	1903.9337	1543.46075	2793.31195
Thumpd2	2474.26105	2868.9629	3072.42135
Thumpd3	8519.68735	8715.8211	8399.6121
Thyn1	4882.52945	4606.4712	5486.8697
Tia1	4468.9664	4471.40305	5102.1654
Timmdc1	1899.6849	1689.61015	1945.4682
Tlr3	4244.2168	3532.05165	3413.3534
Tm4sf1	10333.32335	8627.2535	10982.3123
Tmco6	7647.18135	8017.03635	11372.8665
Tmed4	1004.73565	994.04255	1505.79175
Tmem106b	1610.26655	1339.45305	1554.17865
Tmem106c	1732.70465	1607.70635	2572.7358
Tmem107	15983.4184	16041.0315	21285.18625
Tmem126a	3010.3662	3125.0336	2560.1415
Tmem129	4492.72145	4484.42125	6011.2469
Tmem140	786.57925	720.83895	1230.51915
Tmem161a	2622.78295	2888.38915	4453.1589
Tmem175	2873.02885	2984.19995	2882.3184
Tmem177	464.9	500.1	667.1
Tmem184c	1679.9091	1467.1835	1962.34555
Tmem186	4020.8773	3755.1097	6233.16215
Tmem230	8922.1688	10880.5272	13064.2508
Tmem261	1208.965	1521.37485	1650.69265
Tmem38a	3925.6023	4228.9146	4946.39165
Tmem53	3777.86055	3965.2439	5242.5871
Tmem55a	2494.37485	2145.829	2827.6992
Tmem55b	2632.48765	2211.1754	3447.4278
Tmem60	5266.4371	5208.98305	5972.24625
Tmem67	3392.06865	2691.2984	3593.5807
Tmem70	3643.8989	2962.30655	3586.7489
Tmem87b	1361.66155	1124.0674	1576.53465
Tmem9	3288.31475	2391.0424	3418.69955
Tmub2	8316.9695	8223.7709	12908.7041
Tnfaip8	14236.82475	13163.65145	15920.2302
Tnrc18	15187.3093	14093.6643	25402.5968
Tnrc6b	5207.9497	5031.43265	7521.23225
Toe1	1672.8344	1881.66025	2471.11165
Tomm40l	7325.8042	6976.39045	11293.5166
Top2b	2973.6524	2492.9621	3796.58
Top3b	3067.1607	3266.1905	4420.11655
Tp53i3	3013.93435	3071.12775	3579.77055
Tpgs2	1469.6776	1453.60485	1812.9216
Tpra1	5265.3312	4669.23635	6902.39805
Traf3ip2	1831.5627	1692.8028	2828.5121
Trap1	1257.0538	1056.6608	1902.4063
Trappc11	881.70725	843.54785	1116.07345
Trappc2	1969.08	1526.0118	1584.6142
Trim23	1672.6606	2085.001	1557.7148
Trim3	3879.93385	4249.58215	4576.2484
Trim35	6637.76615	5729.9932	7801.0201
Trim59	3937.7429	3747.6322	3893.90785
Trip4	3174.406	4097.0602	3759.2005
Triqk	570.8253	449.46135	612.8269
Trmt1l	2657.5225	3237.60915	2989.49815
Trmt5	9715.71105	9709.83425	11452.6935
Trpm7	2368.1549	2468.71575	2549.82455
Trps1	3714.1641	4114.8	4260.24095
Trub2	3919.56175	3849.599	5571.54825
Tsen2	2839.27585	2191.47845	4083.26855
Tspyl2	2200.74395	1784.13725	2914.7295
Ttc14	842.231	707.48175	1057.824
Ttc27	1524.6678	2034.155	2212.4991
Ttc30b	2045.8778	2009.10485	2509.6248
Ttc38	1921.41985	1478.9398	2653.14545
Ttc4	6985.14285	9253.63665	10291.1043
Ttc5	517.12505	497.43195	730.7276
Ttf2	1793.6769	1536.45955	2243.35185
Tubgcp6	5163.06045	4887.20415	7601.23355
Tut1	21907.69545	24951.7083	28272.52065
Txnip	9735.3464	8722.0717	13593.05425
Tyms	1689.179	1396.90055	2512.2093
Tysnd1	2963.51695	2794.0419	4203.1104
Uap1l1	5340.4706	5477.81115	8783.7614
Ubac1	10115.17485	8683.52665	13043.8298
Ubb	9327.41905	10224.28435	13069.28355
Ubc	12287.25305	11042.6881	17974.64765
Ube2h	4225.40495	4071.4758	5659.52445
Ublcp1	3235.6721	3353.71905	4047.89945
Ubr2	4086.1955	3684.94655	5642.2577
Uimc1	2005.9215	2173.6394	2727.61065
Ulk1	3934.6172	3123.02105	4639.0466
Ulk2	2235.78165	1904.1081	2431.59675
Uri1	1601.56235	1731.5686	2218.12545
Usp20	5977.8237	5776.7091	9387.09
Usp45	2117.2058	2970.1864	2718.3861
Usp48	1724.03155	1804.1466	2494.7978
Vangl2	269.13955	304.7375	359.75935
Vars2	3520.0659	3073.77575	5573.9612
Vav2	4213.4519	3626.7453	6652.32095
Vipas39	2003.83875	2377.7926	3003.76965
Vmac	3808.0344	3842.10665	5484.03645
Vopp1	1205.1382	1263.6994	1404.7916
Vps16	1210.9431	1250.51785	1725.66775
Vps33a	1990.9544	2253.0481	3093.40815
Vps33b	4295.0922	4600.02735	5903.87
Vps39	1549.52505	1919.5263	1616.81735
Vps41	588.11715	508.8857	643.59505
Wdfy2	6661.4099	7491.32725	8276.1162
Wdr19	742.26845	693.38155	1184.06845
Wdr24	4675.98085	4900.3764	7443.40195
Wdr45	3685.887	4250.90785	5133.52535
Wdr6	2594.6849	2374.5472	4312.98495
Wdr60	5753.6271	5773.4605	5790.27435
Wdr81	10177.1704	11742.9836	13785.54835
Wdr91	789.6017	896.58065	1188.91165
Wdr92	1212.79775	1323.07715	1384.07925
Wdtc1	1269.20575	1343.5616	1862.0874
Wipf1	5376.4591	4860.70445	6582.009
Wnk1	4890.8972	4946.7379	5011.5661
Wrb	1779.96915	1668.35205	2758.0709
Wtap	3543.7321	3567.45425	4235.00565
Wwp1	2656.62235	2073.7609	2234.38075
Xiap	1313.254	1045.5583	1293.9485
Xkr8	686.88115	627.26065	836.68685
Xpc	6979.0422	6820.2925	9231.0545
Xpo5	5278.22275	6124.1207	7381.77975
Xrcc1	4084.03305	4473.41095	6113.3406
Xrn1	1247.92045	1067.40505	1493.03325
Xylb	3384.80415	3560.1183	4228.87365
Ypel2	6838.6608	7364.1115	10260.1951
Ypel3	7737.83655	8317.23315	10426.8496
Ypel5	5330.0824	5839.91245	6149.25675
Zadh2	3951.6715	3674.72855	5919.1634
Zbed3	1147.50265	1236.72905	1691.8621
Zbtb12	2290.39125	2191.31625	3023.39245
Zbtb40	2005.2204	2380.6144	3045.8485
Zbtb9	3889.4079	3946.2907	5420.6171
Zc2hc1a	4797.3985	3930.9726	4114.7695
Zc3h3	7524.05015	7053.4942	11015.63215
Zc4h2	392.3066	283.661	434.0764
Zcchc11	3732.12315	3127.49345	4130.05795
Zcchc24	12408.45625	8935.58125	21124.11135
Zer1	4752.43175	4328.64215	7113.19195
Zfp105	1108.86305	1213.414	1173.71115
Zfp161	2339.1969	2539.7018	2984.5301
Zfp251	3374.00365	3229.4685	5061.4854
Zfp266	2219.1718	2070.0036	2946.5809
Zfp292	2496.5996	2259.4794	3569.4442
Zfp3	2388.2012	2183.3647	2894.3096
Zfp317	787.67115	896.9677	663.4107
Zfp322a	1033.94375	673.3967	1265.58405
Zfp329	407.0412	333.7003	640.4006
Zfp346	2027.0215	1880.9394	2634.71065
Zfp358	3265.73155	2474.78695	4498.73635
Zfp386	1375.257	1051.5693	1902.40095
Zfp394	1966.0006	2180.4251	2596.75045
Zfp397	3031.4629	2920.47275	3672.8362
Zfp467	2171.72525	1681.75525	3606.86635
Zfp51	2359.6399	1884.23785	2438.2446
Zfp579	3512.09455	2862.7963	4440.61395
Zfp608	8364.49335	8693.4241	11342.41695
Zfp68	1084.29635	815.3151	1221.04655
Zfp692	5096.502	5735.64845	6565.73645
Zfp799	2455.9805	2376.08545	3486.72495
Zfp846	1918.4393	1861.2308	2519.96505
Zfp865	9145.4071	9143.22755	12215.33245
Zfp90	4080.2688	3693.70285	4854.16205
Zfp956	2292.51175	2639.17895	2986.4256
Zfyve1	1893.33955	1469.72385	1733.8614
Zfyve16	2301.19205	2277.93165	2986.7874
Zfyve26	2513.9567	2173.0273	2937.34075
Zhx1	3995.88095	3491.06265	5212.8083
Zkscan1	2170.285	2266.74195	2969.6421
Zmym1	1115.6255	1081.6721	1500.79285
Zmym6	641.00985	527.1228	876.89055
Zmynd8	8669.45805	8750.7793	13253.1163
Znrf2	2012.1543	1980.88565	2258.0294
