BRD4_UNSTIM	BRD4_2H	BRD4_24H
A3galt2	8752.11845	9361.54105	12819.05045
Aars	4964.66605	5498.6604	6481.0026
Abcf3	2346.5227	2735.95375	2794.1637
Acot7	3127.729	3389.543	4976.31135
Acot9	2430.4231	2929.3742	1922.22365
Actr10	5740.1833	5222.11955	8533.08135
Actr2	3424.8282	4654.3924	5267.7682
Adam23	347.8194	375.2901	349.96365
Adgre5	5421.2507	5378.19205	7566.44925
Adprhl2	4425.29555	3671.55465	5546.5842
Adrm1	9364.7604	10100.6087	14933.9445
Aes	4273.80975	4386.93705	6511.67735
Aftph	1782.5885	1724.7573	2188.355
Agps	1170.85065	1354.4011	1901.30645
Ahcyl2	1358.31715	1310.3235	1763.66015
Aig1	5462.79235	8610.6983	4654.2096
Akr1c13	1132.93835	1449.6154	1451.9369
Aldoa	8387.4504	9053.39905	11613.17705
Alg2	2879.6389	3292.9855	3878.1023
Ankh	1886.9277	1688.83825	2672.692
Anks1a	2563.9318	2743.02775	3283.48125
Ano1	13674.7039	16057.6275	16868.27375
Anxa2	10381.9082	11934.23395	12406.6673
Anxa5	9434.88275	10533.51165	11791.57755
Anxa7	1765.722	2054.20175	2151.758
Ap1s1	15325.94085	26484.95985	21116.72125
Ap2a1	4366.2171	4424.98975	6191.84415
Ap2m1	2695.40835	3361.087	3340.39585
Ap3b1	1543.9408	1453.7508	1781.8368
Ap3d1	6002.25605	9369.675	9154.11805
Ap3s1	2882.8167	3386.8936	2763.62435
Aph1a	3542.20845	3695.34245	4613.0232
Arap2	832.73195	1187.1438	1006.70375
Arf5	2010.17895	2425.9354	2972.2235
Arhgap22	3625.12465	3443.741	5488.7628
Arhgdia	8847.29365	9848.3096	13954.3594
Arl1	1181.04365	1311.0726	1814.40685
Arpc1b	5106.85705	4677.54635	7506.3746
Arpc2	7804.07875	8435.76405	9616.79615
Arpc3	5107.7517	4982.8748	7265.6863
Arpc5l	3317.4495	3376.77445	4343.6829
Arrdc3	3588.11045	3674.1103	4180.28025
Arsj	2619.16895	2866.12085	3212.07635
Asb7	4862.91855	4696.71655	5180.80405
Asna1	11447.129	14742.64115	16829.64945
Asnsd1	1063.2829	1169.3228	1135.8546
Atf6	3943.3709	5959.8287	5153.60025
Atg101	10519.93225	11063.85715	16010.2299
Atox1	17920.6814	17016.2993	24593.83825
Atp11a	2270.9683	2428.34445	3483.04415
Atp1a1	2236.17715	2744.6007	3215.6163
Atp1b1	4651.564	4933.0542	6310.43905
Atp1b3	3857.8325	3881.59885	5668.21945
Atp5h	8871.9908	9235.0339	15143.33195
Atp5j	1843.755	1797.35275	2077.021
Atp6ap2	1453.58155	1066.96435	1617.48185
Atp6v0a1	15308.98595	14357.43255	20984.4653
Atp6v0c	3149.4023	2856.77075	4756.22035
Atp6v0d1	7983.38235	7545.22115	9447.79795
Atp6v1b2	3812.708	4260.03525	4410.6273
Atp6v1c1	2345.85145	2215.0558	3268.83045
Atpif1	5260.5753	4976.0281	7350.46635
Atxn10	1256.993	995.708	1864.9284
Aup1	11070.29385	13317.854	15526.436
Axl	16984.09555	20604.80105	26953.439
B3galnt1	3147.3127	2488.0793	3863.2832
Babam1	7115.71475	6858.44235	11142.2039
Bcap31	1980.4051	1734.67005	2647.5706
Bcl2l1	18008.6956	19370.38645	23818.58885
Blvrb	8334.26695	7520.3486	11294.83865
Bri3bp	10116.2654	8790.75345	15141.64845
Brsk1	1249.6223	1119.2191	1566.33965
Btbd10	2519.52195	2578.5587	2403.45475
Bzw2	5764.6332	6989.5278	6452.13975
C1galt1c1	630.2895	610.5567	759.9062
Cabin1	1150.39405	1269.15235	1771.93985
Calr	15610.23655	12641.30095	26728.00345
Calr3	3572.97055	3692.27175	4828.8097
Canx	6664.7359	6636.92445	8396.29715
Capza1	2439.9107	2891.0937	2752.94395
Carhsp1	4045.4817	3663.6823	6447.04935
Cask	430.1057	323.51595	498.10015
Casp3	3485.1944	3362.3506	4482.2643
Cbfb	5083.0359	5091.89325	5018.4309
Ccdc50	2852.23225	3642.7974	3747.0265
Ccdc97	12072.1843	12109.585	19516.64475
Cd14	8771.2815	9242.478	13483.98835
Cd276	3578.7223	4204.0135	4845.8626
Cd63	8976.78585	10736.87965	16248.10435
Cd9	8065.5481	7295.60005	11847.29915
Cdc123	2146.55915	2129.669	2672.5029
Cdc37	4239.23765	4776.301	6112.20415
Cdkn1a	8150.9687	8260.626	16618.0469
Cerk	5726.9224	6640.9197	8595.96395
Cers2	4243.57925	4003.07205	5873.67245
Chmp4bl1	1939.39185	2362.9423	3802.1157
Chp1	1497.72535	1277.24995	1659.4821
Chpf	4746.1471	4051.3876	5931.8041
Cib1	3621.023	4499.49245	5685.64365
Cib2	2802.36595	3641.74085	3994.12795
Cisd2	2539.05005	2251.83215	2557.6449
Ckap4	4612.5311	4404.70365	7172.9096
Ckb	4520.0515	4547.4455	6284.6327
Clasp2	1173.92085	1405.41085	1212.4568
Clcn5	277.58025	272.7486	345.26655
Clic1	3659.6466	4016.17415	5812.7499
Clip1	7533.4602	6136.06435	10290.0313
Clip2	5094.0155	5457.71275	7707.05395
Clptm1	2911.51825	3650.22335	3903.3444
Cltc	6747.0738	7081.18555	6841.24595
Cmtr1	3585.62415	4498.5558	5044.65165
Cnot11	6195.88195	8894.71065	7258.04715
Col15a1	2250.40235	3009.18475	3288.27215
Col18a1	16092.78555	19876.5862	25480.19985
Col1a1	27878.1458	24939.1289	52820.6389
Col6a2	4213.8714	4507.5843	6369.91795
Cope	6311.1764	6916.78225	8910.30945
Cops6	2977.9354	3217.5963	3456.78505
Copz1	6669.2457	6196.96455	8742.4259
Cpne7	7007.20655	6906.30475	10541.76555
Cptp	4497.30085	4301.5154	6514.88695
Csnk1g2	7315.3957	7024.8993	10717.2069
Csnk2b	4113.45865	3934.2637	5907.3003
Cspg4	10015.9183	11177.94325	17576.13575
Cstb	3948.1388	3809.12975	6386.14345
Ctdnep1	6507.82915	6833.24705	8840.2118
Ctsb	8064.6352	8802.4687	9665.0746
Ctsw	33126.46625	40793.0276	49237.76185
Cx3cl1	1895.05045	1724.61275	2571.38325
Cxcl16	1218.52935	2120.2475	1588.44725
Cyb561d2	4966.57515	5281.83525	7214.60265
Cyc1	7323.61125	7855.68295	10583.22165
Dap	8582.59515	9332.70585	11452.94325
Dcaf13	1416.2786	1426.0586	1790.2194
Dcun1d4	1020.0684	1039.0611	1417.736
Ddi2	2183.3451	2695.2256	3359.05275
Ddit3	4536.3845	4738.5654	6379.6461
Ddrgk1	3080.12375	2961.9574	4403.18815
Ddx1	8616.25025	9178.08245	8439.86605
Ddx39a	4606.5082	5008.15205	6436.64925
Ddx54	6728.19015	6560.3891	11250.70915
Derl1	3754.5756	3489.81575	4888.21925
Desi1	2011.3678	2348.97065	2217.32695
Desi2	1876.87735	1918.0146	2170.69485
Dgat1	2287.35085	2386.74075	2992.30435
Dgka	4724.69905	5047.6547	6188.61035
Dgkz	3897.7019	3912.88975	6345.3827
Dhcr24	2551.37215	2618.70995	3097.005
Dhps	4179.9012	4456.6284	5201.7608
Dhrs1	8182.07	9599.7468	11012.69555
Dhx38	2288.1472	1932.99245	2185.95175
Dkk3	23051.13105	19725.36205	33336.83245
Dlg4	7439.68255	8152.56895	10755.6273
Dnase2	1697.7067	1310.95385	2457.56015
Dnpep	5997.91335	5901.30845	9709.8601
Dph3	3600.71035	3252.4468	5204.77595
Dpp7	4562.8116	4589.4652	7275.0407
Dpysl3	18712.04735	19331.009	17085.01465
Dvl1	5094.18255	4892.03545	7131.17035
Dynlrb1	5034.51905	5021.8555	7202.01505
Dynlt1	3072.70265	3512.99815	5373.5593
Dysf	7580.2531	7640.84885	10322.7521
Ecm1	4814.81815	4483.1067	6181.29645
Edc4	4059.258	4469.1358	5183.18605
Edf1	6866.2966	7909.78085	8344.25065
Efemp2	38294.02835	46826.2653	56697.00225
Efna1	3572.61735	3932.6944	7004.7935
Egfl7	5170.3425	6307.17625	9297.6741
Ehd4	9131.04485	9634.7428	10973.6565
Eif2b2	13729.69345	15998.2092	22159.14345
Eif3c	6181.2749	6709.76505	8367.98445
Eif5b	1488.71645	1625.94445	1930.27905
Elk3	12139.96075	16866.441	18132.29025
Emc4	1761.0368	2078.9358	1710.795
Emp3	5527.9257	5892.3509	8850.6863
Eng	4425.82165	3923.5224	6969.24025
Eno1	3358.80735	3546.7263	5071.5235
Eno3	8695.36465	10112.4473	11205.56045
Enpp1	5190.83845	7458.39875	5791.2814
Epas1	1231.75815	1317.2425	2249.88935
Ercc1	10839.776	14803.77445	17096.96385
Ero1a	3413.2975	3978.1309	5027.6773
Erp29	1362.2348	1924.7428	1948.7572
Erp44	1348.8508	1335.58395	1450.86415
Etnk1	1665.1667	1949.98245	2256.5546
Etv4	4177.1341	4066.82535	6183.4291
Etv5	1442.9869	1251.8304	2195.3603
Fam131b	7221.43275	6603.46405	7676.8988
Fam20b	1903.23105	2101.95115	2701.6043
Fam20c	2979.23	3441.8455	4967.68375
Fam214b	5564.16165	5112.76545	7433.8664
Fam220a	4110.3001	4414.3802	5422.6667
Fasn	3425.3552	2945.0772	4793.7253
Fchsd2	3507.7858	2406.1926	4757.93905
Fhl2	11157.55195	11797.98265	13669.2959
Ficd	3415.5786	3212.68995	5348.41565
Fip1l1	3245.51765	4420.98	4235.7858
Fis1	2947.54885	3145.0711	4592.66355
Fkbp10	6937.5901	6366.2158	12402.238
Fkbp1a	6088.00315	9175.4009	8429.79115
Fkbp4	2803.6738	2634.60545	3856.33995
Foxo3	6576.56035	5427.6308	9639.8827
Frmd8	30964.86085	33753.7785	43211.69115
Fscn1	11296.7407	11419.68505	17082.2725
Fuca1	3286.29835	3024.3788	4036.81405
Furin	6463.92925	7782.33315	10767.7443
Fxyd5	2201.37615	2340.37905	4501.63485
G6pd	1896.33195	2089.99675	2620.9533
Gabarapl1	2475.12405	2713.80935	2428.1068
Gadd45a	3971.03015	3884.33825	5203.07555
Gadd45gip1	15705.53655	12780.30095	26714.60345
Gapdh	4100.2088	4527.4494	6447.03325
Gcc2	2239.2612	2580.4131	2141.1468
Gja4	4328.12185	4932.79085	7389.90605
Gjb3	3843.23515	4309.94185	6290.01135
Gk	406.90345	424.41405	482.83755
Gla	1420.6965	1315.5051	1497.68555
Glb1	2061.05135	2108.40115	3070.5892
Glb1l2	3672.3329	5119.2425	4592.30115
Glmp	5618.4173	6489.5427	7091.56925
Glrx	7312.18305	6592.72635	7786.41975
Glrx5	5847.63805	6511.2476	10964.66675
Gmppb	2595.3493	3020.85145	3774.35225
Gnas	1428.18875	2150.0692	2095.55165
Gnl1	5298.08075	6640.0285	6744.28445
Golph3	3156.26925	2764.8368	3814.418
Gorab	4631.3394	5065.43275	5949.78935
Gosr2	2197.87715	2223.7862	2833.28175
Got2	1869.00515	2490.0952	3167.44705
Gpc1	1435.4076	1896.6862	3846.9618
Gpi	3561.52245	3078.21585	5058.16055
Gpr153	4323.78255	4397.0252	7156.0031
Gpx8	2717.70055	2976.43175	3290.88075
Grina	9074.98605	9381.65505	15436.92925
Gripap1	2313.8104	2634.8694	2976.1905
Gsk3a	13986.50825	13439.9767	21390.68475
Gss	2696.01285	3035.49385	3718.825
Gtf3c6	4008.41345	4658.39015	5762.46475
H2afy	1678.34485	1883.32225	2251.6144
Hagh	2688.3696	2784.95585	3451.22115
Hap1	6656.84385	6910.4032	10660.41935
Has2	817.84815	695.197	998.8502
Hdac5	6098.2033	6506.80155	9195.6779
Hebp1	3476.9971	4126.63055	5057.72965
Herc3	3753.06745	4343.3936	4346.80515
Hgs	3615.6415	3928.0011	5184.3318
Hid1	5619.54735	5503.00945	9015.1589
Higd1a	1172.3932	870.9996	1197.5785
Hip1	11724.26975	12762.6289	17167.7409
Hk1	4807.8459	4905.49485	7616.7887
Hm13	5576.29995	5452.25815	8606.5814
Hmga2	2831.33525	4982.97705	4374.65105
Hnf1b	16036.2978	17126.54705	21008.2403
Hnrnpm	5068.7924	4566.5471	6331.0087
Hook3	1953.43665	1836.30135	2332.7685
Hsd17b12	3591.06645	3894.6811	3603.975
Hsp90b1	2440.9489	2962.07775	3930.00315
Hspa4	11465.7217	10569.8984	10628.988
Htatip2	2365.7724	2399.1325	3655.35815
Htra1	25582.97625	30451.21065	37915.79005
Hyou1	4858.3722	4928.11365	6185.49855
Icam5	3944.6354	4212.971	5007.83305
Ict1	8048.15925	8234.1985	13187.82885
Ier5l	17594.73755	20123.1466	33759.4707
Ifitm2	13443.3429	13710.75185	19198.3091
Ifitm3	19803.9679	20203.7677	28709.30245
Il1rn	5775.77175	6900.7516	6970.4653
Imp4	6242.77665	6135.64405	9088.3109
Impdh1	1874.70265	1596.45535	2744.3775
Inpp5a	4372.6667	3803.9721	6974.40245
Inppl1	2517.8058	2515.7739	3735.8295
Irgq	5247.31555	6859.26215	8701.5529
Itga7	8903.8345	10534.3452	16897.3891
Itgb1	11933.66835	13677.2413	12425.35945
Itgb5	11185.94565	10260.33825	16156.7888
Itm2c	2517.70675	2644.0064	4056.87575
Itpr3	3076.69045	3305.16295	5809.9348
Jagn1	3598.29675	2572.06005	4584.56315
Jak3	2240.4666	2449.62285	3639.60785
Jam3	3537.7287	3170.2278	4161.0971
Josd2	1194.24485	1056.8085	1650.20175
Jun	7269.62045	8744.83925	13396.34285
Jup	6835.22005	6288.47645	12194.6788
Kif21b	5934.19815	6346.89135	9888.8171
Klhl28	2152.19035	2132.86065	2184.9485
Krt8	12533.1924	15074.1479	18545.2103
Lama4	464.27915	380.0941	678.62595
Lama5	13182.96565	14295.14725	20783.58635
Lap3	666.45665	618.7494	975.72865
Layn	7150.5625	7955.60965	8358.50365
Ldha	3584.04465	3823.33865	5546.2996
Lgals3bp	11301.47625	10361.17155	18974.42705
Lman2	2082.50035	2521.68275	3488.35315
LOC100911483	4536.5517	4223.20505	6940.7797
LOC288913	9911.1066	11806.3599	15810.0639
LOC294154	7195.1266	7731.3247	10385.97225
LOC301124	3070.77645	3104.3339	4156.8142
Loxl2	2755.3366	3239.8798	3011.6696
Lpcat1	4612.13525	5427.16415	6984.18895
Lpcat4	3322.56965	3807.67895	3648.7324
Lrp10	9855.4286	12568.53835	14854.96205
Lsm4	9024.7976	9173.0526	15296.36935
Ltbp1	739.70765	859.13235	1130.5914
Ltbr	4899.17535	4727.12205	8637.92855
Lysmd2	1755.2096	2638.2317	2590.2491
Mafg	5784.4661	7081.7358	9792.26005
Man1c1	3042.62425	4069.63975	5146.10545
Map1lc3a	7111.92205	6714.4396	9863.55005
Map2k1	1823.16245	1874.0646	2349.5803
Mapk6	8944.1405	10702.79275	15538.50925
Mapkapk3	3761.1864	4382.19165	6303.7742
Mbd2	6030.69925	7460.7727	6312.14925
Mbd3	6685.95785	6325.7422	9427.5107
Mcfd2	11323.809	16593.5819	20623.4662
Mdh2	2413.35005	1956.0758	3204.45785
Mdm2	9757.88495	9910.67975	14921.4052
Med29	16428.65875	16236.59715	22354.7653
Mettl9	12617.18415	12196.40285	12827.57785
Mfsd11	8667.454	8716.04405	11492.3608
Mgp	1971.6662	2215.86595	2033.76795
Mif	4174.67365	3388.35555	6749.52005
Minos1	4852.0947	4914.2256	6999.8774
Mkln1	1907.94055	1669.44135	3304.56435
Mlec	2943.5478	3352.1023	4210.9889
Mmp14	10397.9071	13230.5816	15857.92605
Mmp19	4770.2633	4553.0984	6637.7726
Mocos	1705.358	1820.1789	2304.23355
Mrpl17	3091.05855	4415.9963	3961.97685
Mtmr1	873.41065	747.2024	1230.91955
Mtr	2286.25485	2086.647	3090.9203
Mvb12a	5439.8429	5882.6323	8568.8171
Mvp	7707.2092	7667.64755	11746.79405
Myd88	3507.18615	3568.0746	4293.08005
Myo1d	6410.8962	4789.04655	7527.8102
Myo1e	8157.0077	9660.36435	10361.2123
Myof	37485.65915	49985.00835	45382.1446
Nans	1970.85995	2205.03285	2630.46775
Nck1	1362.0898	1324.2078	1720.31305
Ndfip2	971.9096	1028.05525	1061.4637
Ndufaf3	3498.73655	3433.9513	5433.48515
Ndufb8	2207.2926	2129.0463	3033.7918
Ndufs7	4958.51325	5226.31505	7495.01255
Ndufv1	9686.1764	8803.00615	13622.24955
Nedd8	5213.15415	5943.56455	6480.51445
Nfkbie	5093.7625	5542.1441	8544.75125
Ngdn	3062.60995	3346.70325	4989.25965
Ninj1	4822.37475	4807.5608	8788.96005
Nln	1451.3172	1661.5002	1555.4635
Nme3	4500.79765	5058.2099	5757.6072
Npas2	2741.2619	4205.65435	4402.7131
Npc2	1873.55715	1873.8742	2584.6752
Npdc1	5373.372	5670.24235	8682.0195
Nptxr	7589.2383	9642.52555	14685.87645
Nqo1	3051.0581	3044.47945	4150.10915
Nr1d1	15732.31885	15122.80325	22507.7174
Nras	2942.299	3035.59465	3380.09005
Nrbp1	2954.82315	3038.6111	3049.074
Nrn1	1504.08475	1529.10585	2840.4101
Nrp1	2758.4006	1867.9319	3272.088
Nsmce2	10750.1189	15569.2298	10342.0327
Nubp2	4602.4099	5223.07255	5789.1645
Nucb1	8126.8661	8384.7221	10826.621
Nudt3	4439.06925	5068.1712	6963.86005
Oaf	3415.59965	3484.3636	5455.12025
Ogdh	1300.14495	1455.96565	1887.0824
Osbpl11	1990.57205	1950.06535	3272.84
Otub1	7340.79975	7986.3784	10977.991
Otulin	974.07635	887.33875	1517.9549
P2ry1	1441.929	1318.7476	1308.1273
P3h4	7384.5151	6918.3828	13229.6805
Pacsin2	12758.20945	12809.22625	17692.31765
Pafah1b2	8710.4238	8340.5992	10015.54215
Pank1	2923.7281	3116.77125	3870.4008
Parp3	2773.6476	2911.95935	4054.3765
Pcdhgc3	5327.6119	5069.9431	8738.67165
Pdcd2	3852.08045	3685.4234	4362.202
Pdcd6	2000.87555	2158.75505	2434.0504
Pde3a	1061.92285	899.71615	1553.47125
Pdia4	4022.1391	4196.78155	4100.76205
Pdia6	2254.16605	3287.03845	2867.13935
Pear1	3409.91735	3284.5203	4684.49455
Pebp1	3078.45815	3073.16215	4259.0291
Pepd	953.0808	873.8647	1613.3963
Pet100	603.85735	563.79505	830.90375
Pex13	1004.4139	1242.77375	1308.85465
Pex26	6323.64645	6361.97775	7940.23555
Pfkp	2376.4722	2271.6082	2688.1725
Pgam1	5158.8841	6240.78345	6926.84725
Pgd	2397.0245	2368.3959	3904.7521
Pgf	8904.48585	10328.57445	15208.3751
Pgm3	577.3784	551.1637	809.589
Pgp	4707.43785	5593.75075	6490.53325
Phlda3	23253.3693	24203.08765	35267.33715
Phyhd1	10249.5128	12903.08615	15152.5202
Pigk	673.805	590.1315	913.95405
Pin1	1976.39875	1952.06575	2546.5418
Pitpna	9586.0905	8812.2785	17543.7133
Pitpnm1	10052.93585	8612.71985	13841.2985
Pkd2	14979.8816	19908.1179	17360.10905
Pkn2	2702.2652	2428.2938	2557.88485
Pla1a	2700.30985	3403.2325	3297.49345
Pla2g4a	3570.68715	4218.70125	3202.87425
Plaa	1243.32665	1313.50675	1332.9235
Plbd2	3459.3545	3792.6332	5267.15165
Plekha4	6613.2647	6670.9212	8681.3749
Plekha5	848.7718	868.31455	1259.8399
Plekhb2	4480.33595	5259.3259	4756.7501
Plin2	6713.2856	7219.5453	8545.7321
Plrg1	528.9438	539.3414	711.17475
Pmpcb	4025.6078	4250.18645	5996.0144
Pmvk	4110.08435	3491.22125	5217.7962
Polr3gl	7123.18465	6354.2141	9685.8369
Pomgnt1	3545.5047	3972.33935	5167.4418
Por	7190.1826	8255.9166	10397.92395
Postn	3962.67145	6065.7078	2991.49035
Ppme1	2359.1118	2090.3922	2039.03565
Ppp1r14b	11526.13545	11731.74475	16716.45635
Ppp1r14c	4829.6219	5859.8324	6218.3968
Ppp2r2a	5765.528	4818.409	6710.11615
Ppp2r5a	2104.61165	2455.94785	2602.13595
Ppp2r5b	5772.564	6274.9526	8037.4053
Praf2	3002.40435	3633.99955	4025.61675
Prdx1	3293.93605	3285.1327	4028.4217
Prdx5	11653.01525	13143.67355	17281.2711
Prelid1	2135.0796	2556.03275	3689.6859
Prkar1a	2974.25625	3305.58275	3948.3848
Prkcdbp	10595.8852	11045.9573	15828.7014
Prkcsh	1177.66225	1360.7722	1821.04745
Prkg1	8073.3635	6815.5249	7910.80815
Prpsap1	3664.0862	4137.349	5793.32145
Prrx1	13636.5075	14786.90895	15461.7396
Psma5	4395.4691	3439.0827	5816.3167
Psma7	2484.3136	2121.96905	3353.64565
Psmb5	8531.20755	8186.62405	11788.3133
Psmb7	3575.63955	3622.143	4991.2965
Psmc1	2674.20875	2108.9667	3282.26825
Psmc2	2454.0514	2882.77985	3631.53175
Psmc3	5804.8844	5821.34925	7616.43115
Psmc4	3651.46365	4558.6555	7112.70165
Psmc5	3477.64245	2851.88105	4045.25525
Psmd11	1957.4796	2382.57735	2241.50225
Psmd13	8947.31165	9491.42335	12889.0173
Psmd2	4083.1102	4750.5338	5459.50865
Psmd4	6989.54525	7222.6284	8284.5005
Psmd6	599.277	671.0809	682.2022
Psmd7	6620.0694	5938.29675	10448.6686
Psmd8	2470.82935	2414.64835	3366.91525
Psme1	2091.1994	1724.77035	2889.59545
Psme2	2131.3959	1968.4989	2851.85905
Pter	2017.3987	2695.2854	3072.85285
Ptgs1	469.08865	1134.53395	1162.83545
Ptms	5228.96005	5407.53775	8401.3219
Ptprn	6789.7487	6348.56915	10565.1138
Pvrl1	1478.1138	1541.9146	2556.0288
Pxn	22815.65195	28291.94965	36154.1605
Qsox1	677.52955	571.69995	865.4239
R3hdm1	5690.8379	5369.11485	8177.4466
Rab11a	2845.89635	3053.64385	3300.4489
Rab1a	4051.46225	4154.34325	5243.5641
Rab20	3316.169	3675.61185	5055.27225
Rab31	9108.23825	10377.63355	12914.8397
Rab34	3197.6858	3380.58375	4293.33475
Rab7a	4151.03635	4922.2651	5120.4305
Rarg	8893.1477	8135.4922	14556.4381
Rasa1	3041.1	4440.0529	2907.0883
Rbm42	2334.11025	2085.9596	2967.3314
Reep5	3818.5646	3794.4452	6442.43535
Rfx1	2113.7325	2079.93185	2927.9593
RGD1309676	653.51185	674.45015	906.93995
RGD1359127	4201.1291	4258.97875	6507.0332
RGD1563888	1033.2605	1148.96765	1182.66905
RGD1564450	4476.82635	6508.1455	8157.59445
RGD1566265	931.8786	1502.5904	768.3278
Rgs17	4108.03635	5466.2592	4386.7099
Rgs3	6158.8357	5530.5948	7853.41965
Rhog	5388.72635	4762.5457	7244.55595
Ric8a	9053.2212	9194.41405	13305.92755
Rnf10	7287.0557	6013.0043	11382.4515
Rnf115	3562.7761	3958.9138	3377.2169
Rnf7	3770.07605	3828.48545	5555.03425
Rnh1	12109.08555	12828.10195	16408.13185
Rpl37	2483.379	2643.37105	2764.56785
Rpn1	4620.02915	5087.75875	5876.1092
Rpn2	4052.2545	3339.38325	3470.7323
Rpp38	3378.2318	4015.64835	4233.40015
Rps6ka3	567.89715	430.0647	886.20125
Rps6kc1	2697.11665	2750.5056	4156.33735
Rraga	2445.6536	2549.6825	3184.08485
Rragc	1728.37105	2040.96345	2097.76555
Rtn4	6727.09335	7819.7137	7000.2686
Runx2	7303.15305	8916.42625	10279.20225
S100a13	2777.45975	2365.31895	3238.0092
Sbf1	2250.0883	2131.34085	3353.07715
Scamp3	3625.8736	3535.5495	4929.21745
Scamp4	5607.91185	5553.02895	8199.1247
Scara3	5521.87495	5786.9522	8880.4937
Scarb1	3536.2214	4377.3621	4826.01295
Scfd1	1423.06025	1170.1132	1350.37215
Scly	2793.16315	2713.8412	4223.16465
Sdcbp	5360.8913	5447.73195	6537.26465
Sdf2	5204.2566	5939.4793	6565.19425
Sdf4	3000.61085	2701.5105	3625.996
Selm	4032.29975	3530.95045	5823.6999
Sept9	23394.10535	22849.4422	37807.87305
Serinc2	3761.45825	3961.29725	5454.1435
Sfrp4	2477.4034	2554.25655	3260.47155
Sfxn1	2735.23915	3144.8954	3528.44395
Sgpl1	723.62625	776.00795	1151.42065
Sgta	1515.25655	1633.98475	2247.27215
Sh3bgrl3	3068.27995	3006.1327	4918.26415
Sh3bp5	14992.1921	20456.27775	21130.1455
Sh3glb1	6927.766	8066.40515	10746.3213
Shc1	8562.83565	8081.17835	12700.5521
Shc2	2204.01405	2305.3066	3544.31515
Shc4	2815.57935	3414.5228	3724.27245
Shfm1	1355.1845	1745.82485	1419.70015
Shisa5	2248.80825	2102.97805	3594.0809
Shkbp1	5478.81425	5639.3535	8811.6041
Shpk	2735.6363	2738.2192	3608.34115
Sipa1	12065.69385	12560.21555	16403.09245
Six1	4338.91165	4430.22155	6819.13725
Slain2	3231.6601	3456.735	4322.28355
Slc16a3	6253.56565	5897.1082	7872.0683
Slc20a2	6360.21	9761.454	6932.2253
Slc25a1	2582.0295	3076.53965	3802.3525
Slc25a37	6189.70345	6745.07245	8731.9011
Slc27a4	3527.23065	3506.0498	4988.4447
Slc35e3	9080.9941	8900.26995	12649.47165
Slc35f5	4659.3147	4425.8665	4219.77965
Slc35f6	2627.6009	2913.0365	3619.36115
Slc39a1	6339.22705	6535.9824	8428.22555
Slc39a13	6654.3888	6194.0798	9446.05925
Slc39a14	4915.13775	5481.3109	7209.5063
Slc39a6	2848.2616	3400.07845	3381.95475
Slc41a1	1091.15555	867.70225	1675.78505
Slc4a2	5952.18275	6598.58975	9594.8522
Slc6a8	1862.28885	1508.76255	2567.25435
Slc9a3r2	5961.97085	5623.3679	8704.41885
Slco2a1	3944.2681	3929.0738	6096.7152
Smim3	7387.30645	8609.0215	9796.3569
Smoc2	969.2649	1130.28915	1344.0591
Snf8	3267.14655	3273.0367	4159.54265
Snrpd2	4270.9571	4855.60615	5239.4757
Snx24	16206.8014	17573.4938	16568.00295
Sod3	4734.4031	5061.1921	6357.0515
Spata2L	3939.69245	4249.14405	5887.99485
Spcs1	3283.64015	3657.24485	3409.53765
Spp1	21141.6559	27256.02105	25678.183
Spred3	2318.12795	2407.00675	3667.286
Sptlc1	909.7187	1098.2321	1167.3362
Sqstm1	4282.5181	3986.4506	6465.4701
Sra1	6622.47805	6951.66495	9835.35365
Srgn	1423.43545	1159.72815	1766.65185
Srp14	4397.1162	3232.14525	7887.01085
Srp68	3512.92305	3500.13855	5775.0605
Srprb	565.1476	649.7732	817.0318
Ssbp4	4544.16245	4927.18345	7598.69965
Ssc5d	3103.125	2700.46675	5013.94715
Ssr1	1599.2243	1700.94715	1958.73145
Ssx2ip	1905.51265	2489.08435	2772.76575
St3gal4	7998.5663	7904.19675	11389.96765
Stambpl1	10851.4247	10624.02005	12222.7057
Stim2	4804.58885	5068.8298	5703.41685
Stip1	7133.5808	7944.06795	9874.73765
Stk11	20243.70955	21381.9528	35887.4317
Stt3a	1997.65965	2032.8179	2498.1619
Stx18	3203.2611	2343.29395	3284.37135
Sufu	9040.553	10776.3184	12813.77495
Swi5	2684.6897	2985.26785	3475.4452
Sympk	5512.78185	5611.4977	8167.61385
Synm	2515.7152	2367.27645	4938.80045
Sytl1	1126.81645	1066.4523	1555.2152
Taldo1	7328.10515	7944.3934	10578.63265
Tapbpl	1975.7498	2010.87565	2778.14215
Tbc1d2b	2918.8113	2258.6634	4114.73535
Tbca	1583.12435	1607.3839	1587.51235
Tbce	2477.46825	2195.8569	2298.8731
Tbpl1	8605.17905	6794.47185	12351.88685
Tcerg1	7486.5589	10468.4608	10251.37125
Tfpt	2280.96085	2547.0158	2882.2618
Tgfb1	9485.0345	9349.55605	17286.32035
Tgfbr1	1303.73005	969.6132	1773.5562
Tgfbr3	482.5695	578.0091	778.8915
Tkt	8699.9414	8439.06895	14699.45645
Tm9sf1	3117.41005	3788.57855	4146.4865
Tm9sf4	3083.7316	3306.26935	3678.86345
Tmbim1	11842.93395	12494.06775	15914.77895
Tmco1	6930.54395	8308.5614	8820.86365
Tmed10	3354.6115	4043.0781	3554.5138
Tmed9	2748.4214	3026.3376	3528.61045
Tmem119	5197.16825	4645.81135	8460.9848
Tmem120a	7037.73755	7984.53035	9967.304
Tmem184b	10729.37555	10306.0688	15485.20615
Tmem2	6690.25155	7040.7614	8706.5205
Tmem208	4716.0344	4417.4561	7160.2951
Tmem242	2144.2454	1711.2098	3007.4934
Tmem65	2523.17325	2653.69025	2741.8493
Tmx1	4835.36215	5023.99305	6160.63595
Tp53inp2	2418.1689	2442.731	3285.7142
Tpbg	1193.56905	1416.8905	2067.3678
Tpi1	4802.45575	4421.242	7946.0937
Tra2a	961.6215	985.3487	1460.36605
Trim26	3019.29585	3498.31485	4455.9557
Trim8	23398.5853	23212.38575	41028.76945
Trip10	3847.19445	3301.9922	5893.4839
Trpv2	9288.69905	10124.3531	12451.9048
Tsc22d1	4433.8573	4203.7444	5813.3692
Tsku	7863.90875	8196.5433	12118.5129
Ttc1	2447.25375	2370.5518	2629.5232
Ttc39b	3545.72345	3021.5685	4419.72815
Ttc7a	11411.409	16546.9819	21286.9662
Ttll12	2519.7615	2584.55375	3982.8626
Tuba4a	5391.7413	5714.2312	8037.17235
Tusc3	788.7354	415.753	897.8487
Txndc17	5184.68505	4834.9326	6117.45005
Txndc9	1921.49325	1992.49965	2371.31585
Txnl1	4385.68535	4227.43805	4883.60265
Uba1	1679.39345	1656.53285	1719.01625
Uba5	2395.3894	2081.79645	3027.8098
Uba52	8632.64235	10046.28575	12654.08655
Ubap1	3826.8998	3962.27875	4093.5364
Ube2a	1363.84185	1207.18295	1746.10055
Ube2j1	3411.3414	3871.19885	3977.8743
Ube2l3	2271.1033	2191.9239	3035.96825
Ube2l6	2269.45335	2484.339	3546.76875
Ube2m	3256.2371	3066.8734	4469.8859
Ubr4	2346.2092	2576.92525	2660.86095
Ubxn4	2069.898	2064.59135	2282.7208
Uchl1	499.25385	441.00615	830.3103
Ufd1l	921.7819	1114.06845	1194.0686
Unc5b	6077.243	5357.09885	9746.3382
Upp1	2152.62645	2738.584	3282.612
Uqcc2	2565.8904	2635.2092	4926.621
Uqcr11	6035.84945	6073.05365	8862.12855
Uqcrc1	1434.23795	1807.72945	2260.81025
Usp13	735.27345	815.3946	1036.9428
Usp14	2026.03875	1901.38095	2388.75975
Uxs1	3870.9168	4939.5579	3495.4408
Vamp5	6207.14565	6176.80495	9113.6619
Vangl1	7222.34905	7280.52285	10210.1464
Vat1	5602.0995	5785.58975	7361.13285
Vcan	2124.23235	2265.33845	3197.2817
Vcp	6346.221	6270.24075	8455.5176
Vdac2	1792.14285	2454.56795	2511.87525
Vgll4	16029.4782	14190.2444	22460.2011
Vmp1	17872.3987	26289.851	32908.8451
Vps28	6054.7476	7270.57315	9250.92725
Vps72	3732.8011	4332.205	3998.7407
Wars	1843.718	2316.7062	2606.5663
Wbp1l	10905.6882	10636.4462	16113.4148
Wdr78	2609.3287	3045.26975	2714.74635
Whsc1l1	5380.9482	5079.037	6918.49395
Wipi2	964.745	1110.4047	1294.21895
Wisp1	14769.7019	13051.78575	16214.0119
Wnk4	5286.3007	5080.41335	7883.7175
Wwp2	7993.84345	7088.39295	13132.5457
Ybx3	4898.0765	5428.5682	5620.61905
Ywhae	2023.76685	1964.393	2619.1311
Zbed5	2262.4528	2271.5162	3121.7902
Zbtb38	12250.78365	10415.6944	16180.41955
Zdhhc8	3373.1475	3661.86315	4381.3424
